0.0008759119660000
0.0008671378010000
0.0008452295440000
0.0008634078540000
0.0008990211640000
0.0008864317210000
0.0008551312490000
0.0008436208590000
0.0008583258600000
0.0008698409650000
0.0008355553150000
0.0007940458020000
0.0007816583380000
0.0007748975180000
0.0007848739040000
0.0007966796400000
0.0007964026880000
0.0007892628200000
0.0007540405490000
0.0007257551180000
0.0007362434990000
0.0007767358330000
0.0008045287690000
0.0008105830050000
0.0008067972960000
0.0007752122470000
0.0007591802850000
0.0007622930570000
0.0007565196140000
0.0007536599880000
0.0007224663850000
0.0006664481480000
0.0006552644770000
0.0006697126080000
0.0006562322960000
0.0006475954430000
0.0006346898150000
0.0005777759940000
0.0004941599910000
0.0004209432810000
0.0004148804290000
0.0004320733130000
0.0004226839810000
0.0004293890670000
0.0004154592750000
0.0003938854500000
0.0003930213570000
0.0003755537330000
0.0003510676910000
0.0003082187900000
0.0002842287650000
0.0003052052930000
0.0002923885190000
0.0002329051930000
0.0001804374480000
0.0001520698570000
0.0001456398170000
0.0001473139710000
0.0001278941930000
0.0000838544220000
0.0000442365636000
0.0000239724850000
0.0000198053549000
0.0000160015079000
-0.0000016120432100
-0.0000168690494000
-0.0000230047717000
-0.0000008854199220
0.0000008791299710
-0.0000572659446000
-0.0000956462317000
-0.0001299213910000
-0.0001919136850000
-0.0002405505800000
-0.0002716042510000
-0.0003124829960000
-0.0003491515240000
-0.0003539441100000
-0.0003757163360000
-0.0004232284550000
-0.0004263279550000
-0.0004059512280000
-0.0004298917480000
-0.0004723748130000
-0.0005080892010000
-0.0004917564220000
-0.0004365577480000
-0.0004237026150000
-0.0004053050940000
-0.0003744859420000
-0.0003348919850000
-0.0002850364250000
-0.0002839362130000
-0.0002810425070000
-0.0002549214110000
-0.0002320846980000
-0.0001862859060000
-0.0001517710040000
-0.0001415347940000
-0.0000779869224000
-0.0000057101419800
0.0000009112259240
-0.0000124933913000
-0.0000341297637000
-0.0000390366695000
-0.0000255766245000
-0.0000273028145000
-0.0000484659176000
-0.0000769240432000
-0.0000540126566000
-0.0000213089297000
-0.0000200338982000
-0.0000109978073000
-0.0000234523650000
-0.0000713137051000
-0.0001315569680000
-0.0001750458470000
-0.0001782309700000
-0.0001781512690000
-0.0001946497500000
-0.0001951391460000
-0.0001682974980000
-0.0001566401330000
-0.0001781990430000
-0.0002078043330000
-0.0002647217190000
-0.0002998932910000
-0.0002791587320000
-0.0002737018510000
-0.0002543375010000
-0.0002307021060000
-0.0002351855220000
-0.0002287302920000
-0.0002315676100000
-0.0002409825970000
-0.0002628504590000
-0.0002868289010000
-0.0002908121680000
-0.0002954864760000
-0.0002927674210000
-0.0002915345830000
-0.0002813382020000
-0.0002803383690000
-0.0002771847070000
-0.0002376436750000
-0.0002254366990000
-0.0002171524680000
-0.0002259256000000
-0.0003008348870000
-0.0003594911540000
-0.0003765844740000
-0.0003932614050000
-0.0004309979850000
-0.0004786098730000
-0.0005423194380000
-0.0006217567720000
-0.0006568746180000
-0.0006508872030000
-0.0006383927530000
-0.0006282026880000
-0.0006290945460000
-0.0006328186140000
-0.0006437847040000
-0.0006854460800000
-0.0007608945600000
-0.0008144297750000
-0.0008152320510000
-0.0008051994950000
-0.0008046512380000
-0.0008032205510000
-0.0008187206110000
-0.0008637100110000
-0.0009174766010000
-0.0009866635080000
-0.0010596021300000
-0.0011108658500000
-0.0011472676400000
-0.0011587464300000
-0.0011328841800000
-0.0011010072200000
-0.0010997919600000
-0.0011066362500000
-0.0011110240600000
-0.0011169995400000
-0.0011064792100000
-0.0010987104600000
-0.0011172379600000
-0.0011203916500000
-0.0010966180100000
-0.0011007852200000
-0.0010952848200000
-0.0010576974600000
-0.0010358736600000
-0.0010170423200000
-0.0010044598000000
-0.0010202894900000
-0.0010298184400000
-0.0009758215750000
-0.0009284219120000
-0.0009636661270000
-0.0009704362600000
-0.0009352148630000
-0.0009317857330000
-0.0009059424630000
-0.0008578367990000
-0.0008375266920000
-0.0008253889970000
-0.0008202916360000
-0.0008165344480000
-0.0007709942290000
-0.0007046750970000
-0.0006616420000000
-0.0006313294870000
-0.0005786984110000
-0.0005207054780000
-0.0004902398800000
-0.0004552294560000
-0.0003993724530000
-0.0003401333520000
-0.0003094156270000
-0.0002941920540000
-0.0002551582000000
-0.0002453578640000
-0.0002747465910000
-0.0002757058250000
-0.0002341086800000
-0.0001801597250000
-0.0001616752560000
-0.0001553360630000
-0.0001282929730000
-0.0001371282560000
-0.0001416869490000
-0.0000967547748000
-0.0000483689619000
0.0000014524391600
0.0000242987917000
0.0000066861930500
-0.0000199608494000
-0.0000320710424000
-0.0000071453155200
0.0000328220049000
0.0000633136660000
0.0000945582141000
0.0001387178490000
0.0001750709490000
0.0002399098300000
0.0003532202390000
0.0003927317740000
0.0003611532450000
0.0003649070860000
0.0003734435010000
0.0003396565440000
0.0003537363370000
0.0004303327300000
0.0004221685810000
0.0003527110970000
0.0003131331180000
0.0002912240740000
0.0002833830370000
0.0002932734500000
0.0003331685730000
0.0003654898610000
0.0003837799010000
0.0003884884350000
0.0003539020250000
0.0003554449650000
0.0004001270860000
0.0004349380030000
0.0004487524860000
0.0004339949230000
0.0004341211460000
0.0004579406810000
0.0004628198800000
0.0004390572720000
0.0004272032530000
0.0004591180190000
0.0004717579870000
0.0004380267350000
0.0004482024810000
0.0005060046100000
0.0005313063160000
0.0005493668140000
0.0005777137700000
0.0005628900840000
0.0005198252040000
0.0005318538170000
0.0006080584720000
0.0006429093190000
0.0006383386790000
0.0006703745460000
0.0006920358860000
0.0006577328900000
0.0005887246810000
0.0005425808490000
0.0005295980950000
0.0004969903970000
0.0004864129880000
0.0005082701680000
0.0005039730460000
0.0005093521900000
0.0005380523510000
0.0005444416310000
0.0005413157050000
0.0005383603860000
0.0005538168480000
0.0006270360900000
0.0006842548610000
0.0006907274940000
0.0007269124030000
0.0007649851030000
0.0007192233460000
0.0006707361320000
0.0006950678070000
0.0007124889530000
0.0007264921440000
0.0007497895270000
0.0007508866840000
0.0007626846780000
0.0007966323170000
0.0008224898480000
0.0008145649920000
0.0008167878250000
0.0008228935180000
0.0008147567270000
0.0008314001020000
0.0008490139150000
0.0008770989370000
0.0008920601100000
0.0008635514530000
0.0008657444260000
0.0008818897180000
0.0008677067820000
0.0008643463370000
0.0008725607190000
0.0008681511970000
0.0008649328370000
0.0008606875780000
0.0008328826520000
0.0008184732860000
0.0008172976670000
0.0007875683370000
0.0007474311860000
0.0006820336570000
0.0006143868090000
0.0006051513480000
0.0006073938570000
0.0005708573740000
0.0005542216240000
0.0005793001620000
0.0005795105830000
0.0005642981850000
0.0005336723410000
0.0004860519260000
0.0004702677250000
0.0004535295300000
0.0004421142220000
0.0004436627500000
0.0004237264800000
0.0003993876160000
0.0003664365790000
0.0003141064080000
0.0002733671280000
0.0002727792890000
0.0002688400560000
0.0002411130410000
0.0001875644380000
0.0001409666730000
0.0001876118770000
0.0002424442500000
0.0002393338800000
0.0002471186160000
0.0002640746820000
0.0002714455480000
0.0002442531400000
0.0001829387180000
0.0001304437610000
0.0000819252090000
0.0000279910946000
-0.0000349227230000
-0.0000917462020000
-0.0001573957710000
-0.0002698932660000
-0.0003689567090000
-0.0004019164190000
-0.0003757621160000
-0.0003413250380000
-0.0003744278800000
-0.0004300122960000
-0.0004725585750000
-0.0005428971490000
-0.0005952984790000
-0.0006046301570000
-0.0006305067220000
-0.0006815821400000
-0.0006772180780000
-0.0006485389310000
-0.0006871402730000
-0.0007467864200000
-0.0008099101250000
-0.0008428349970000
-0.0007990671440000
-0.0007576862110000
-0.0007427870300000
-0.0007428139210000
-0.0007491629220000
-0.0007267478500000
-0.0007207882010000
-0.0007369411180000
-0.0007244313020000
-0.0006988251700000
-0.0006893633980000
-0.0006834154480000
-0.0006618147010000
-0.0006326084260000
-0.0005688125380000
-0.0004774984260000
-0.0004119163200000
-0.0003339176760000
-0.0002653096450000
-0.0002535727690000
-0.0002334220770000
-0.0002075883090000
-0.0001945940890000
-0.0001772715480000
-0.0001580225360000
-0.0001395489090000
-0.0001410654220000
-0.0001521433880000
-0.0001688956980000
-0.0001884488590000
-0.0002086491730000
-0.0002270325200000
-0.0002205114000000
-0.0002341063370000
-0.0002483298010000
-0.0002223823830000
-0.0002104991580000
-0.0001760909510000
-0.0001468691190000
-0.0001895735620000
-0.0002014675850000
-0.0001972567410000
-0.0002345553220000
-0.0002548652410000
-0.0002741043280000
-0.0002838519870000
-0.0002820020310000
-0.0003160311320000
-0.0003226527190000
-0.0002704898070000
-0.0002423638510000
-0.0002522550930000
-0.0002590092770000
-0.0002979850980000
-0.0003841451540000
-0.0004734098620000
-0.0005062537970000
-0.0004678425900000
-0.0004309032520000
-0.0004201245320000
-0.0004537441420000
-0.0005076004310000
-0.0005123503510000
-0.0005131901130000
-0.0005492306660000
-0.0006143609640000
-0.0006700894450000
-0.0006927727370000
-0.0006765435100000
-0.0006209958810000
-0.0005773087030000
-0.0005458808740000
-0.0005500807310000
-0.0005797793860000
-0.0005990834910000
-0.0006071673710000
-0.0005884046550000
-0.0005826703270000
-0.0005640064480000
-0.0005211184620000
-0.0004624791330000
-0.0003790185730000
-0.0003294028570000
-0.0002924981240000
-0.0002660424800000
-0.0002740655330000
-0.0002589855280000
-0.0001815597790000
-0.0000758907772000
-0.0000187967016000
-0.0000337134152000
-0.0000838296473000
-0.0001062847000000
-0.0000907387584000
-0.0000788045290000
-0.0000543358328000
-0.0000386921747000
-0.0000883963293000
-0.0001491385050000
-0.0002077808310000
-0.0003070116510000
-0.0003455190450000
-0.0003207047120000
-0.0003371976490000
-0.0003458407300000
-0.0003546232770000
-0.0003835319080000
-0.0003865631590000
-0.0003978629830000
-0.0003810710910000
-0.0003264612460000
-0.0003193730660000
-0.0003361355630000
-0.0003516864960000
-0.0003783036370000
-0.0003828029730000
-0.0003758736130000
-0.0003734959760000
-0.0003515192660000
-0.0003336033550000
-0.0003632618170000
-0.0004306033080000
-0.0004739647560000
-0.0004722161390000
-0.0004460166090000
-0.0003654883480000
-0.0002771023430000
-0.0002416190110000
-0.0002123505260000
-0.0001918042840000
-0.0001814413990000
-0.0001512438470000
-0.0001246406320000
-0.0001013023360000
-0.0000575357335000
-0.0000171335541000
0.0000053561443600
0.0000385269122000
0.0000805431773000
0.0001091462910000
0.0001483516970000
0.0002052860220000
0.0002450819300000
0.0002602466850000
0.0002533961380000
0.0002172417150000
0.0001794215640000
0.0001858987670000
0.0001982771350000
0.0002031989860000
0.0002306921520000
0.0002422036050000
0.0002402780660000
0.0002142185260000
0.0001790800890000
0.0001801892650000
0.0001650243650000
0.0001223755680000
0.0000897345817000
0.0000976628725000
0.0001175508590000
0.0001079861250000
0.0001211128330000
0.0001436200840000
0.0001256312390000
0.0001148197120000
0.0001523979300000
0.0001818391760000
0.0001383364000000
0.0000841646397000
0.0000823109730000
0.0000770451297000
0.0000739054885000
0.0001189327160000
0.0001563310510000
0.0001536374040000
0.0001521685190000
0.0001655953670000
0.0001603275010000
0.0001532852910000
0.0001951310990000
0.0002739680930000
0.0003579861080000
0.0004138589430000
0.0004509874270000
0.0004661794810000
0.0004232577050000
0.0003986381050000
0.0004135814670000
0.0003939345770000
0.0003702200480000
0.0004014359440000
0.0004474094890000
0.0004234222870000
0.0003817505200000
0.0004070198920000
0.0004079800860000
0.0003713772460000
0.0003842301380000
0.0004037501930000
0.0003866913320000
0.0003421974830000
0.0003278288350000
0.0003710909510000
0.0004009485130000
0.0004342538890000
0.0004682700090000
0.0004364638300000
0.0003914568520000
0.0003662938830000
0.0003131899280000
0.0002184122570000
0.0001209322510000
0.0000836088656000
0.0000921043611000
0.0001237835240000
0.0002078384710000
0.0002773920420000
0.0002820655060000
0.0002668719100000
0.0002419191300000
0.0002358754430000
0.0002671404800000
0.0002770622670000
0.0002695862200000
0.0002775620960000
0.0002394799960000
0.0001605008000000
0.0001372673870000
0.0001571451430000
0.0001559694500000
0.0001296983250000
0.0001280209110000
0.0001709634820000
0.0002105531170000
0.0002417645880000
0.0002438897650000
0.0002176517300000
0.0002188600340000
0.0002187341600000
0.0002116540710000
0.0002054650830000
0.0001927092960000
0.0002052213970000
0.0002318859190000
0.0002706578230000
0.0003141677010000
0.0003414759990000
0.0003695069170000
0.0004018555630000
0.0004284183380000
0.0004158376250000
0.0003747130690000
0.0003629791320000
0.0003525230570000
0.0003059238370000
0.0002816472550000
0.0002764177040000
0.0002260227770000
0.0001806354270000
0.0001374381830000
0.0000745286670000
0.0000522348964000
0.0000286200011000
-0.0000056474505100
-0.0000381731443000
-0.0000740777104000
-0.0000612780059000
-0.0000362367537000
-0.0000368114452000
-0.0000748330494000
-0.0001238031400000
-0.0001398797760000
-0.0001901245850000
-0.0002702776400000
-0.0003121619810000
-0.0003116403820000
-0.0003050391970000
-0.0003111431720000
-0.0003044515620000
-0.0003048318030000
-0.0003233833700000
-0.0003433378880000
-0.0003690810410000
-0.0003536373550000
-0.0002740898930000
-0.0001970152370000
-0.0001548159490000
-0.0001404109930000
-0.0001211817730000
-0.0000784018557000
-0.0000662275779000
-0.0000734364657000
-0.0000988051833000
-0.0001494190070000
-0.0001337378930000
-0.0000951538386000
-0.0001109818040000
-0.0001275475810000
-0.0001218884640000
-0.0001032909200000
-0.0000589156552000
0.0000141522160000
0.0000761267074000
0.0000951539623000
0.0001102057580000
0.0001687138870000
0.0002220970350000
0.0002220751630000
0.0002114480160000
0.0002052366040000
0.0001965965780000
0.0002173154210000
0.0002644908380000
0.0002728153780000
0.0002538036500000
0.0002500302220000
0.0002091111960000
0.0001345921770000
0.0000552263227000
-0.0000451964697000
-0.0001332648970000
-0.0001693573870000
-0.0001612067430000
-0.0001811780380000
-0.0002291138230000
-0.0002209158700000
-0.0002090252240000
-0.0002302157230000
-0.0002425712010000
-0.0002635239220000
-0.0003005326730000
-0.0003642266380000
-0.0004145932620000
-0.0003937159490000
-0.0003543579080000
-0.0003566868550000
-0.0003804767040000
-0.0003568106620000
-0.0003256144120000
-0.0003520952300000
-0.0003615212920000
-0.0003340110710000
-0.0003159468180000
-0.0003118598830000
-0.0003271651220000
-0.0003544787180000
-0.0003548747340000
-0.0003207525010000
-0.0002613452670000
-0.0001810298710000
-0.0001382271880000
-0.0001560153320000
-0.0002033553460000
-0.0001989425510000
-0.0001170491520000
-0.0000784669609000
-0.0000854156970000
-0.0000737973678000
-0.0000616017496000
-0.0000590883974000
-0.0000792460341000
-0.0001092286180000
-0.0001290801590000
-0.0001633440550000
-0.0002057885870000
-0.0002103137960000
-0.0002008056040000
-0.0002261739720000
-0.0002440605750000
-0.0002203239710000
-0.0001945460970000
-0.0001850350820000
-0.0001903322550000
-0.0001978854420000
-0.0001988726290000
-0.0001845889350000
-0.0001334726110000
-0.0001267059850000
-0.0001838739700000
-0.0002588232750000
-0.0003422251900000
-0.0003561688060000
-0.0003267780990000
-0.0003188413980000
-0.0003144033540000
-0.0002940728150000
-0.0002373220200000
-0.0001733478570000
-0.0001631393530000
-0.0002141876900000
-0.0002606545170000
-0.0002782834640000
-0.0003015598920000
-0.0003071852260000
-0.0002933736830000
-0.0002739336920000
-0.0002356498880000
-0.0001994199700000
-0.0001639655670000
-0.0001426679960000
-0.0001314971890000
-0.0001094253820000
-0.0001189018220000
-0.0001646479500000
-0.0002059402900000
-0.0002244390490000
-0.0002095186790000
-0.0001555012280000
-0.0001067405100000
-0.0001081191220000
-0.0001614554640000
-0.0002624476910000
-0.0003418190750000
-0.0003290556490000
-0.0002743227520000
-0.0002508998440000
-0.0002336732720000
-0.0002039639370000
-0.0002094170490000
-0.0002020867540000
-0.0001595955840000
-0.0001278900160000
-0.0001185772490000
-0.0001211433630000
-0.0000743177516000
-0.0000158228268000
0.0000316332298000
0.0000618170961000
0.0000376448334000
0.0000447994680000
0.0000759157774000
0.0000949501045000
0.0001098045180000
0.0001007164830000
0.0000797394313000
0.0000517236331000
0.0000348221183000
0.0000324142056000
0.0000296922954000
-0.0000316744372000
-0.0000930977985000
-0.0000508540870000
0.0000057350293900
0.0000367145440000
0.0000496065077000
0.0000862600136000
0.0001634658550000
0.0002283946520000
0.0003259110380000
0.0004058767230000
0.0004127422580000
0.0004323195320000
0.0004779979350000
0.0005011420580000
0.0005112178040000
0.0005059341780000
0.0004569575540000
0.0004170745380000
0.0004243906590000
0.0004563095280000
0.0004917987970000
0.0004838681490000
0.0004776816060000
0.0005198940050000
0.0005408937000000
0.0005445735300000
0.0005226408250000
0.0004616841320000
0.0004451436400000
0.0004378050510000
0.0003934845740000
0.0003984248910000
0.0004465072710000
0.0004728359930000
0.0004776857680000
0.0004856529700000
0.0005089458430000
0.0005269693790000
0.0005361399380000
0.0005449075250000
0.0005685608480000
0.0005863487020000
0.0005968680490000
0.0006264017430000
0.0006328088350000
0.0006570115220000
0.0006968342350000
0.0006819518750000
0.0006886168850000
0.0007397548760000
0.0007601329710000
0.0007346477940000
0.0006884031460000
0.0006524557240000
0.0006506559440000
0.0006796540110000
0.0007137126520000
0.0007148746520000
0.0006601123600000
0.0006044145560000
0.0005624599290000
0.0004910638670000
0.0004460968780000
0.0004763678590000
0.0005483170390000
0.0006044025070000
0.0006343101270000
0.0006632808360000
0.0007198618260000
0.0007701173310000
0.0007260269490000
0.0007008234390000
0.0007190569890000
0.0006393812360000
0.0005645942870000
0.0005648070360000
0.0005586000630000
0.0005563365410000
0.0005887553560000
0.0006295617790000
0.0006635642490000
0.0006895950060000
0.0007250047640000
0.0007923428780000
0.0008178912690000
0.0008072950880000
0.0008471751350000
0.0009022095470000
0.0009568805690000
0.0010034032200000
0.0010262515900000
0.0010730483300000
0.0010982002100000
0.0010569945400000
0.0010181379000000
0.0009951451790000
0.0009524615010000
0.0008905411230000
0.0008181276490000
0.0007784278710000
0.0007719130370000
0.0007239080150000
0.0006820262060000
0.0006971267870000
0.0006911676600000
0.0006659994830000
0.0006438372070000
0.0006009466600000
0.0005242644110000
0.0004217601960000
0.0003703441180000
0.0003708947620000
0.0003734932980000
0.0003597053870000
0.0003091725230000
0.0002602932510000
0.0002390154700000
0.0002175484110000
0.0001584208370000
0.0000993001958000
0.0000809488628000
0.0000339039798000
-0.0000696173956000
-0.0001582705740000
-0.0001684759630000
-0.0001405720690000
-0.0001428443940000
-0.0001763649050000
-0.0001955329210000
-0.0002085508170000
-0.0002556634140000
-0.0002820343360000
-0.0002979058480000
-0.0003354946380000
-0.0003545042420000
-0.0003560694170000
-0.0003166109960000
-0.0002649542000000
-0.0002633501430000
-0.0002767520200000
-0.0002937296230000
-0.0003326909210000
-0.0003951746620000
-0.0004692148070000
-0.0004995663770000
-0.0004969436560000
-0.0005232319240000
-0.0005341120410000
-0.0005210029780000
-0.0005559846760000
-0.0006124246280000
-0.0006430372010000
-0.0006893073440000
-0.0007542463710000
-0.0007625439320000
-0.0007523751700000
-0.0007915621970000
-0.0008357552570000
-0.0008594976390000
-0.0008678072480000
-0.0008767253600000
-0.0008995806560000
-0.0009338203810000
-0.0009886423350000
-0.0010373129000000
-0.0010689342200000
-0.0010898649900000
-0.0010337946000000
-0.0009306377030000
-0.0008855671040000
-0.0008767434620000
-0.0008971592170000
-0.0009383065040000
-0.0009250495930000
-0.0008758687180000
-0.0008190405780000
-0.0007519554930000
-0.0007175342180000
-0.0007125387200000
-0.0006944067430000
-0.0006755731300000
-0.0006926697680000
-0.0007019218750000
0.0000000000000000
0.0000000000000000
0.0000000000000000
0.0000000000000000
0.0000000000000000
0.0000000000000000
0.0000000000000000
0.0000000000000000
0.0000000000000000
0.0000000000000000
0.0000000000000000
0.0000000000000000
0.0000000000000000
0.0000000000000000
0.0000000000000000
0.0000000000000000
0.0000000000000000
0.0000000000000000
0.0000000000000000
0.0000000000000000
0.0000000000000000
0.0000000000000000
0.0000000000000000
0.0000000000000000
0.0000000000000000
0.0000000000000000
0.0000000000000000
0.0000000000000000
0.0000000000000000
0.0000000000000000
0.0000000000000000
0.0000000000000000
0.0000000000000000
0.0000000000000000
0.0000000000000000
0.0000000000000000
0.0000000000000000
0.0000000000000000
0.0000000000000000
0.0000000000000000
0.0000000000000000
0.0000000000000000
0.0000000000000000
0.0000000000000000
0.0000000000000000
0.0000000000000000
0.0000000000000000
0.0000000000000000
0.0000000000000000
0.0000000000000000
0.0000000000000000
0.0000000000000000
0.0000000000000000
0.0000000000000000
0.0000000000000000
0.0000000000000000
0.0000000000000000
0.0000000000000000
0.0000000000000000
0.0000000000000000
0.0000000000000000
0.0000000000000000
0.0000000000000000
0.0000000000000000
0.0000000000000000
0.0000000000000000
0.0000000000000000
0.0000000000000000
0.0000000000000000
0.0000000000000000
0.0000000000000000
0.0000000000000000
0.0000000000000000
0.0000000000000000
0.0000000000000000
0.0000000000000000
0.0000000000000000
0.0000000000000000
0.0000000000000000
0.0000000000000000
0.0000000000000000
0.0000000000000000
0.0000000000000000
0.0000000000000000
0.0000000000000000
0.0000000000000000
0.0000000000000000
0.0000000000000000
0.0000000000000000
0.0000000000000000
0.0000000000000000
0.0000000000000000
0.0000000000000000
0.0000000000000000
0.0000000000000000
0.0000000000000000
0.0000000000000000
0.0000000000000000
0.0000000000000000
0.0000000000000000
0.0000000000000000
0.0000000000000000
0.0000000000000000
0.0000000000000000
0.0000000000000000
0.0000000000000000
0.0000000000000000
0.0000000000000000
0.0000000000000000
0.0000000000000000
0.0000000000000000
0.0000000000000000
0.0000000000000000
0.0000000000000000
0.0000000000000000
0.0000000000000000
0.0000000000000000
0.0000000000000000
0.0000000000000000
0.0000000000000000
0.0000000000000000
0.0000000000000000
0.0000000000000000
0.0000000000000000
0.0000000000000000
0.0000000000000000
0.0000000000000000
0.0000000000000000
0.0000000000000000
0.0000000000000000
0.0000000000000000
0.0000000000000000
0.0000000000000000
0.0000000000000000
0.0000000000000000
0.0000000000000000
0.0000000000000000
0.0000000000000000
0.0000000000000000
0.0000000000000000
0.0000000000000000
0.0000000000000000
0.0000000000000000
0.0000000000000000
0.0000000000000000
0.0000000000000000
0.0000000000000000
0.0000000000000000
0.0000000000000000
0.0000000000000000
0.0000000000000000
0.0000000000000000
0.0000000000000000
0.0000000000000000
0.0000000000000000
0.0000000000000000
0.0000000000000000
0.0000000000000000
0.0000000000000000
0.0000000000000000
0.0000000000000000
0.0000000000000000
0.0000000000000000
0.0000000000000000
0.0000000000000000
0.0000000000000000
0.0000000000000000
0.0000000000000000
0.0000000000000000
0.0000000000000000
0.0000000000000000
0.0000000000000000
0.0000000000000000
0.0000000000000000
0.0000000000000000
0.0000000000000000
0.0000000000000000
0.0000000000000000
0.0000000000000000
0.0000000000000000
0.0000000000000000
0.0000000000000000
0.0000000000000000
0.0000000000000000
0.0000000000000000
0.0000000000000000
0.0000000000000000
0.0000000000000000
0.0000000000000000
0.0000000000000000
0.0000000000000000
0.0000000000000000
0.0000000000000000
0.0000000000000000
0.0000000000000000
0.0000000000000000
0.0000000000000000
0.0000000000000000
0.0000000000000000
0.0000000000000000
0.0000000000000000
0.0000000000000000
0.0000000000000000
0.0000000000000000
0.0000000000000000
0.0000000000000000
0.0000000000000000
0.0000000000000000
0.0000000000000000
0.0000000000000000
0.0000000000000000
0.0000000000000000
0.0000000000000000
0.0000000000000000
0.0000000000000000
0.0000000000000000
0.0000000000000000
0.0000000000000000
0.0000000000000000
0.0000000000000000
0.0000000000000000
0.0000000000000000
0.0000000000000000
0.0000000000000000
0.0000000000000000
0.0000000000000000
0.0000000000000000
0.0000000000000000
0.0000000000000000
0.0000000000000000
0.0000000000000000
0.0000000000000000
0.0000000000000000
0.0000000000000000
0.0000000000000000
0.0000000000000000
0.0000000000000000
0.0000000000000000
0.0000000000000000
0.0000000000000000
0.0000000000000000
0.0000000000000000
0.0000000000000000
0.0000000000000000
0.0000000000000000
0.0000000000000000
0.0000000000000000
0.0000000000000000
0.0000000000000000
0.0000000000000000
0.0000000000000000
0.0000000000000000
0.0000000000000000
0.0000000000000000
0.0000000000000000
0.0000000000000000
0.0000000000000000
0.0000000000000000
0.0000000000000000
0.0000000000000000
0.0000000000000000
0.0000000000000000
0.0000000000000000
0.0000000000000000
0.0000000000000000
0.0000000000000000
0.0000000000000000
0.0000000000000000
0.0000000000000000
0.0000000000000000
0.0000000000000000
0.0000000000000000
0.0000000000000000
0.0000000000000000
0.0000000000000000
0.0000000000000000
0.0000000000000000
0.0000000000000000
0.0000000000000000
0.0000000000000000
0.0000000000000000
0.0000000000000000
0.0000000000000000
0.0000000000000000
0.0000000000000000
0.0000000000000000
0.0000000000000000
0.0000000000000000
0.0000000000000000
0.0000000000000000
0.0000000000000000
0.0000000000000000
0.0000000000000000
0.0000000000000000
0.0000000000000000
0.0000000000000000
0.0000000000000000
0.0000000000000000
0.0000000000000000
0.0000000000000000
0.0000000000000000
0.0000000000000000
0.0000000000000000
0.0000000000000000
0.0000000000000000
0.0000000000000000
0.0000000000000000
0.0000000000000000
0.0000000000000000
0.0000000000000000
0.0000000000000000
0.0000000000000000
0.0000000000000000
0.0000000000000000
0.0000000000000000
0.0000000000000000
0.0000000000000000
0.0000000000000000
0.0000000000000000
0.0000000000000000
0.0000000000000000
0.0000000000000000
0.0000000000000000
0.0000000000000000
0.0000000000000000
0.0000000000000000
0.0000000000000000
0.0000000000000000
0.0000000000000000
0.0000000000000000
0.0000000000000000
0.0000000000000000
0.0000000000000000
0.0000000000000000
0.0000000000000000
0.0000000000000000
0.0000000000000000
0.0000000000000000
0.0000000000000000
0.0000000000000000
0.0000000000000000
0.0000000000000000
0.0000000000000000
0.0000000000000000
0.0000000000000000
0.0000000000000000
0.0000000000000000
0.0000000000000000
0.0000000000000000
0.0000000000000000
0.0000000000000000
0.0000000000000000
0.0000000000000000
0.0000000000000000
0.0000000000000000
0.0000000000000000
0.0000000000000000
0.0000000000000000
0.0000000000000000
0.0000000000000000
0.0000000000000000
0.0000000000000000
0.0000000000000000
0.0000000000000000
0.0000000000000000
0.0000000000000000
0.0000000000000000
0.0000000000000000
0.0000000000000000
0.0000000000000000
0.0000000000000000
0.0000000000000000
0.0000000000000000
0.0000000000000000
0.0000000000000000
0.0000000000000000
0.0000000000000000
0.0000000000000000
0.0000000000000000
0.0000000000000000
0.0000000000000000
0.0000000000000000
0.0000000000000000
0.0000000000000000
0.0000000000000000
0.0000000000000000
0.0000000000000000
0.0000000000000000
0.0000000000000000
0.0000000000000000
0.0000000000000000
0.0000000000000000
0.0000000000000000
0.0000000000000000
0.0000000000000000
0.0000000000000000
0.0000000000000000
0.0000000000000000
0.0000000000000000
0.0000000000000000
0.0000000000000000
0.0000000000000000
0.0000000000000000
0.0000000000000000
0.0000000000000000
0.0000000000000000
0.0000000000000000
0.0000000000000000
0.0000000000000000
0.0000000000000000
0.0000000000000000
0.0000000000000000
0.0000000000000000
0.0000000000000000
0.0000000000000000
0.0000000000000000
0.0000000000000000
0.0000000000000000
0.0000000000000000
0.0000000000000000
0.0000000000000000
0.0000000000000000
0.0000000000000000
0.0000000000000000
0.0000000000000000
0.0000000000000000
0.0000000000000000
0.0000000000000000
0.0000000000000000
0.0000000000000000
0.0000000000000000
0.0000000000000000
0.0000000000000000
0.0000000000000000
0.0000000000000000
0.0000000000000000
0.0000000000000000
0.0000000000000000
0.0000000000000000
0.0000000000000000
0.0000000000000000
0.0000000000000000
0.0000000000000000
0.0000000000000000
0.0000000000000000
0.0000000000000000
0.0000000000000000
0.0000000000000000
0.0000000000000000
0.0000000000000000
0.0000000000000000
0.0000000000000000
0.0000000000000000
0.0000000000000000
0.0000000000000000
0.0000000000000000
0.0000000000000000
0.0000000000000000
0.0000000000000000
0.0000000000000000
0.0000000000000000
0.0000000000000000
0.0000000000000000
0.0000000000000000
0.0000000000000000
0.0000000000000000
0.0000000000000000
0.0000000000000000
0.0000000000000000
0.0000000000000000
0.0000000000000000
0.0000000000000000
0.0000000000000000
0.0000000000000000
0.0000000000000000
0.0000000000000000
0.0000000000000000
0.0000000000000000
0.0000000000000000
0.0000000000000000
0.0000000000000000
0.0000000000000000
0.0000000000000000
0.0000000000000000
0.0000000000000000
0.0000000000000000
0.0000000000000000
0.0000000000000000
0.0000000000000000
0.0000000000000000
0.0000000000000000
0.0000000000000000
0.0000000000000000
0.0000000000000000
0.0000000000000000
0.0000000000000000
0.0000000000000000
0.0000000000000000
0.0000000000000000
0.0000000000000000
0.0000000000000000
0.0000000000000000
0.0000000000000000
0.0000000000000000
0.0000000000000000
0.0000000000000000
0.0000000000000000
0.0000000000000000
0.0000000000000000
0.0000000000000000
0.0000000000000000
0.0000000000000000
0.0000000000000000
0.0000000000000000
0.0000000000000000
0.0000000000000000
0.0000000000000000
0.0000000000000000
0.0000000000000000
0.0000000000000000
0.0000000000000000
0.0000000000000000
0.0000000000000000
0.0000000000000000
0.0000000000000000
0.0000000000000000
0.0000000000000000
0.0000000000000000
0.0000000000000000
0.0000000000000000
0.0000000000000000
0.0000000000000000
0.0000000000000000
0.0000000000000000
0.0000000000000000
0.0000000000000000
0.0000000000000000
0.0000000000000000
0.0000000000000000
0.0000000000000000
0.0000000000000000
0.0000000000000000
0.0000000000000000
0.0000000000000000
0.0000000000000000
0.0000000000000000
0.0000000000000000
0.0000000000000000
0.0000000000000000
0.0000000000000000
0.0000000000000000
0.0000000000000000
0.0000000000000000
0.0000000000000000
0.0000000000000000
0.0000000000000000
0.0000000000000000
0.0000000000000000
0.0000000000000000
0.0000000000000000
0.0000000000000000
0.0000000000000000
0.0000000000000000
0.0000000000000000
0.0000000000000000
0.0000000000000000
0.0000000000000000
0.0000000000000000
0.0000000000000000
0.0000000000000000
0.0000000000000000
0.0000000000000000
0.0000000000000000
0.0000000000000000
0.0000000000000000
0.0000000000000000
0.0000000000000000
0.0000000000000000
0.0000000000000000
0.0000000000000000
0.0000000000000000
0.0000000000000000
0.0000000000000000
0.0000000000000000
0.0000000000000000
0.0000000000000000
0.0000000000000000
0.0000000000000000
0.0000000000000000
0.0000000000000000
0.0000000000000000
0.0000000000000000
0.0000000000000000
0.0000000000000000
0.0000000000000000
0.0000000000000000
0.0000000000000000
0.0000000000000000
0.0000000000000000
0.0000000000000000
0.0000000000000000
0.0000000000000000
0.0000000000000000
0.0000000000000000
0.0000000000000000
0.0000000000000000
0.0000000000000000
0.0000000000000000
0.0000000000000000
0.0000000000000000
0.0000000000000000
0.0000000000000000
0.0000000000000000
0.0000000000000000
0.0000000000000000
0.0000000000000000
0.0000000000000000
0.0000000000000000
0.0000000000000000
0.0000000000000000
0.0000000000000000
0.0000000000000000
0.0000000000000000
0.0000000000000000
0.0000000000000000
0.0000000000000000
0.0000000000000000
0.0000000000000000
0.0000000000000000
0.0000000000000000
0.0000000000000000
0.0000000000000000
0.0000000000000000
0.0000000000000000
0.0000000000000000
0.0000000000000000
0.0000000000000000
0.0000000000000000
0.0000000000000000
0.0000000000000000
0.0000000000000000
0.0000000000000000
0.0000000000000000
0.0000000000000000
0.0000000000000000
0.0000000000000000
0.0000000000000000
0.0000000000000000
0.0000000000000000
0.0000000000000000
0.0000000000000000
0.0000000000000000
0.0000000000000000
0.0000000000000000
0.0000000000000000
0.0000000000000000
0.0000000000000000
0.0000000000000000
0.0000000000000000
0.0000000000000000
0.0000000000000000
0.0000000000000000
0.0000000000000000
0.0000000000000000
0.0000000000000000
0.0000000000000000
0.0000000000000000
0.0000000000000000
0.0000000000000000
0.0000000000000000
0.0000000000000000
0.0000000000000000
0.0000000000000000
0.0000000000000000
0.0000000000000000
0.0000000000000000
0.0000000000000000
0.0000000000000000
0.0000000000000000
0.0000000000000000
0.0000000000000000
0.0000000000000000
0.0000000000000000
0.0000000000000000
0.0000000000000000
0.0000000000000000
0.0000000000000000
0.0000000000000000
0.0000000000000000
0.0000000000000000
0.0000000000000000
0.0000000000000000
0.0000000000000000
0.0000000000000000
0.0000000000000000
0.0000000000000000
0.0000000000000000
0.0000000000000000
0.0000000000000000
0.0000000000000000
0.0000000000000000
0.0000000000000000
0.0000000000000000
0.0000000000000000
0.0000000000000000
0.0000000000000000
0.0000000000000000
0.0000000000000000
0.0000000000000000
0.0000000000000000
0.0000000000000000
0.0000000000000000
0.0000000000000000
0.0000000000000000
0.0000000000000000
0.0000000000000000
0.0000000000000000
0.0000000000000000
0.0000000000000000
0.0000000000000000
0.0000000000000000
0.0000000000000000
0.0000000000000000
0.0000000000000000
0.0000000000000000
0.0000000000000000
0.0000000000000000
0.0000000000000000
0.0000000000000000
0.0000000000000000
0.0000000000000000
0.0000000000000000
0.0000000000000000
0.0000000000000000
0.0000000000000000
0.0000000000000000
0.0000000000000000
0.0000000000000000
0.0000000000000000
0.0000000000000000
0.0000000000000000
0.0000000000000000
0.0000000000000000
0.0000000000000000
0.0000000000000000
0.0000000000000000
0.0000000000000000
0.0000000000000000
0.0000000000000000
0.0000000000000000
0.0000000000000000
0.0000000000000000
0.0000000000000000
0.0000000000000000
0.0000000000000000
0.0000000000000000
0.0000000000000000
0.0000000000000000
0.0000000000000000
0.0000000000000000
0.0000000000000000
0.0000000000000000
0.0000000000000000
0.0000000000000000
0.0000000000000000
0.0000000000000000
0.0000000000000000
0.0000000000000000
0.0000000000000000
0.0000000000000000
0.0000000000000000
0.0000000000000000
0.0000000000000000
0.0000000000000000
0.0000000000000000
0.0000000000000000
0.0000000000000000
0.0000000000000000
0.0000000000000000
0.0000000000000000
0.0000000000000000
0.0000000000000000
0.0000000000000000
0.0000000000000000
0.0000000000000000
0.0000000000000000
0.0000000000000000
0.0000000000000000
0.0000000000000000
0.0000000000000000
0.0000000000000000
0.0000000000000000
0.0000000000000000
0.0000000000000000
0.0000000000000000
0.0000000000000000
0.0000000000000000
0.0000000000000000
0.0000000000000000
0.0000000000000000
0.0000000000000000
0.0000000000000000
0.0000000000000000
0.0000000000000000
0.0000000000000000
0.0000000000000000
0.0000000000000000
0.0000000000000000
0.0000000000000000
0.0000000000000000
0.0000000000000000
0.0000000000000000
0.0000000000000000
0.0000000000000000
0.0000000000000000
0.0000000000000000
0.0000000000000000
0.0000000000000000
0.0000000000000000
0.0000000000000000
0.0000000000000000
0.0000000000000000
0.0000000000000000
0.0000000000000000
0.0000000000000000
0.0000000000000000
0.0000000000000000
0.0000000000000000
0.0000000000000000
0.0000000000000000
0.0000000000000000
0.0000000000000000
0.0000000000000000
0.0000000000000000
0.0000000000000000
0.0000000000000000
0.0000000000000000
0.0000000000000000
0.0000000000000000
0.0000000000000000
0.0000000000000000
0.0000000000000000
0.0000000000000000
0.0000000000000000
0.0000000000000000
0.0000000000000000
0.0000000000000000
0.0000000000000000
0.0000000000000000
0.0000000000000000
0.0000000000000000
0.0000000000000000
0.0000000000000000
0.0000000000000000
0.0000000000000000
0.0000000000000000
0.0000000000000000
0.0000000000000000
0.0000000000000000
0.0000000000000000
0.0000000000000000
0.0000000000000000
0.0000000000000000
0.0000000000000000
0.0000000000000000
0.0000000000000000
0.0000000000000000
0.0000000000000000
0.0000000000000000
0.0000000000000000
0.0000000000000000
0.0000000000000000
0.0000000000000000
0.0000000000000000
0.0000000000000000
0.0000000000000000
0.0000000000000000
0.0000000000000000
0.0000000000000000
0.0000000000000000
0.0000000000000000
0.0000000000000000
0.0000000000000000
0.0000000000000000
0.0000000000000000
0.0000000000000000
0.0000000000000000
0.0000000000000000
0.0000000000000000
0.0000000000000000
0.0000000000000000
0.0000000000000000
0.0000000000000000
0.0000000000000000
0.0000000000000000
0.0000000000000000
0.0000000000000000
0.0000000000000000
0.0000000000000000
0.0000000000000000
0.0000000000000000
0.0000000000000000
0.0000000000000000
0.0000000000000000
0.0000000000000000
0.0000000000000000
0.0000000000000000
0.0000000000000000
0.0000000000000000
0.0000000000000000
0.0000000000000000
0.0000000000000000
0.0000000000000000
0.0000000000000000
0.0000000000000000
0.0000000000000000
0.0000000000000000
0.0000000000000000
0.0000000000000000
0.0000000000000000
0.0000000000000000
0.0000000000000000
0.0000000000000000
0.0000000000000000
0.0000000000000000
0.0000000000000000
0.0000000000000000
0.0000000000000000
0.0000000000000000
0.0000000000000000
0.0000000000000000
0.0000000000000000
0.0000000000000000
0.0000000000000000
0.0000000000000000
0.0000000000000000
0.0000000000000000
0.0000000000000000
0.0000000000000000
0.0000000000000000
0.0000000000000000
0.0000000000000000
0.0000000000000000
0.0000000000000000
0.0000000000000000
0.0000000000000000
0.0000000000000000
0.0000000000000000
0.0000000000000000
0.0000000000000000
0.0000000000000000
0.0000000000000000
0.0000000000000000
0.0000000000000000
0.0000000000000000
0.0000000000000000
0.0000000000000000
0.0000000000000000
0.0000000000000000
0.0000000000000000
0.0000000000000000
0.0000000000000000
0.0000000000000000
0.0000000000000000
0.0000000000000000
0.0000000000000000
0.0000000000000000
0.0000000000000000
0.0000000000000000
0.0000000000000000
0.0000000000000000
0.0000000000000000
0.0000000000000000
0.0000000000000000
0.0000000000000000
0.0000000000000000
0.0000000000000000
0.0000000000000000
0.0000000000000000
0.0000000000000000
0.0000000000000000
0.0000000000000000
0.0000000000000000
0.0000000000000000
0.0000000000000000
0.0000000000000000
0.0000000000000000
0.0000000000000000
0.0000000000000000
0.0000000000000000
0.0000000000000000
0.0000000000000000
0.0000000000000000
0.0000000000000000
0.0000000000000000
0.0000000000000000
0.0000000000000000
0.0000000000000000
0.0000000000000000
0.0000000000000000
0.0000000000000000
0.0000000000000000
0.0000000000000000
0.0000000000000000
0.0000000000000000
0.0000000000000000
0.0000000000000000
0.0000000000000000
0.0000000000000000
0.0000000000000000
0.0000000000000000
0.0000000000000000
0.0000000000000000
0.0000000000000000
0.0000000000000000
0.0000000000000000
0.0000000000000000
0.0000000000000000
0.0000000000000000
0.0000000000000000
0.0000000000000000
0.0000000000000000
0.0000000000000000
0.0000000000000000