0.0000094232073000
0.0000093557082400
0.0000082696587900
0.0000076373899000
0.0000052488385300
0.0000200617924000
0.0000601818501000
0.0000219306730000
0.0000638927522000
0.0001042067230000
0.0000801422138000
0.0001286732290000
0.0002200992310000
0.0000454414949000
0.0002113151860000
0.0002082708520000
0.0000531778460000
0.0003784704020000
0.0014903616400000
0.0017242030000000
0.0001491899020000
0.0007935585450000
0.0003704532280000
0.0031014434100000
0.0125485426000000
0.0211795811000000
0.0510990322000000
0.0645885989000000
0.0334512666000000
0.0094670820900000
0.0290101320000000
0.0574424267000000
0.0419748463000000
0.0126616163000000
0.0018015968400000
0.0006256439370000
0.0002286257800000
0.0013645356500000
0.0059117418700000
0.0146233672000000
0.0198543146000000
0.0168601777000000
0.0083334948800000
0.0002631918470000
0.0058132750000000
0.0127334874000000
0.0092756943800000
0.0134936525000000
0.0302986372000000
0.0230230018000000
0.0044048195700000
0.0057227606900000
0.0080558322300000
0.0026925606700000
0.0090999435600000
0.0057483259600000
0.0034144946800000
0.0069806249800000
0.0008478370150000
0.0044500161900000
0.0132887261000000
0.0103007043000000
0.0041385740000000
0.0040593994800000
0.0055341264200000
0.0050776763800000
0.0032054712100000
0.0030484031900000
0.0034949500100000
0.0014432199500000
0.0020895672500000
0.0060007171700000
0.0057623982400000
0.0051557393700000
0.0020109361500000
0.0026698533900000
0.0037799181900000
0.0011958492700000
0.0144198919000000
0.0217257272000000
0.0078589329500000
0.0133117726000000
0.0088779665500000
0.0133235548000000
0.0475027412000000
0.0391212553000000
0.0107158599000000
0.0094416765500000
0.0231390856000000
0.0820727944000000
0.1081864830000000
0.1054804100000000
0.1223203390000000
0.0624462254000000
0.1140122410000000
0.4254971740000000
0.5104323030000000
0.2406934800000000
0.0211178251000000
0.0127735808000000
0.0258332193000000
0.0098174661300000
0.0053138118200000
0.0166061278000000
0.0103829177000000
0.0005977263790000
0.0043742414600000
0.0043868562200000
0.0022547137900000
0.0002204760240000
0.0002616505370000
0.0043542655200000
0.0060303369500000
0.0028670441800000
0.0034498565400000
0.0051006134600000
0.0025195661000000
0.0025852941900000
0.0058641568800000
0.0041450988500000
0.0007061690560000
0.0001138490260000
0.0001167588780000
0.0000593467630000
0.0011691122800000
0.0024618282900000
0.0009479006980000
0.0054737604200000
0.0059511880400000
0.0056135281900000
0.0035305419000000
0.0002142480660000
0.0002997584520000
0.0002103328440000
0.0015283597200000
0.0012226015100000
0.0013415014800000
0.0061683543000000
0.0060281679000000
0.0029712994600000
0.0028056325400000
0.0011418527000000
0.0000301985656000
0.0005026098810000
0.0006083427000000
0.0001928643320000
0.0007598281950000
0.0041655725800000
0.0037085842300000
0.0008464903220000
0.0006905435580000
0.0008244436460000
0.0010941168300000
0.0007990417650000
0.0007535569600000
0.0015831014600000
0.0028702521200000
0.0019107369000000
0.0016462943700000
0.0048260651500000
0.0050598671700000
0.0010761799100000
0.0011705744500000
0.0035760358400000
0.0047663538700000
0.0039559579500000
0.0052411952100000
0.0043877451700000
0.0040938789000000
0.0050141434200000
0.0013668973700000
0.0023090625200000
0.0019426415700000
0.0010698373700000
0.0058517376900000
0.0044170445800000
0.0115314256000000
0.0182439592000000
0.0069769765300000
0.0059264176500000
0.0068931318800000
0.0014500556300000
0.0115343612000000
0.0105597042000000
0.0002410791930000
0.0061877113800000
0.0078114117500000
0.0030381877400000
0.0421624444000000
0.0528199300000000
0.0250901636000000
0.0390357040000000
0.2724700570000000
0.9802764050000000
1.5789415800000000
1.0966992400000000
0.2377093880000000
0.0098260100900000
0.0595173016000000
0.0133220507000000
0.0069787693200000
0.0124687748000000
0.0006976591540000
0.0042919018300000
0.0018632216400000
0.0016641130200000
0.0045651141600000
0.0006384701120000
0.0015480355400000
0.0026876051000000
0.0008624443440000
0.0010332504800000
0.0000624700624000
0.0018231399600000
0.0019643779400000
0.0002759740460000
0.0006052624080000
0.0006569604740000
0.0010543005800000
0.0007799249140000
0.0010307701300000
0.0013727704100000
0.0003384311570000
0.0003116892480000
0.0008198161960000
0.0005687804660000
0.0001876020400000
0.0002744316010000
0.0009549182140000
0.0009883181190000
0.0005832795290000
0.0002699792970000
0.0004449068220000
0.0002285619560000
0.0002542352890000
0.0007253374200000
0.0000531091900000
0.0002365216930000
0.0001611390330000
0.0001930877480000
0.0010814869300000
0.0006129874960000
0.0002146865010000
0.0002711550330000
0.0004126907730000
0.0002427306750000
0.0000863955356000
0.0002787811970000
0.0002484982250000
0.0000096568037400
0.0002252460110000
0.0007099363720000
0.0002221992180000
0.0001985333800000
0.0001350651000000
0.0004860802730000
0.0009682086520000
0.0000597149010000
0.0007708218180000
0.0009013979580000
0.0003969367240000
0.0014201282800000
0.0001218148750000
0.0015703520000000
0.0034637223000000
0.0009529544040000
0.0006258707140000
0.0006882897580000
0.0000684715342000
0.0001891521820000
0.0001388341480000
0.0003429857900000
0.0006092682600000
0.0027806581900000
0.0021206112600000
0.0002218995650000
0.0012104607900000
0.0001876711030000
0.0010980145300000
0.0023210973000000
0.0003196407630000
0.0005556743710000
0.0005078607360000
0.0001083043240000
0.0008439060760000
0.0017751004800000
0.0013811681400000
0.0008369327410000
0.0120972795000000
0.0264062118000000
0.0233482420000000
0.0135766370000000
0.0093775121500000
0.0069399173400000
0.0048014037300000
0.0032118279500000
0.0012944248700000
0.0000328420538000
0.0006588871470000
0.0012799614300000
0.0004946790290000
0.0002367014530000
0.0005450889000000
0.0005585242180000
0.0007637976090000
0.0011387203100000
0.0007811460530000
0.0000650013680000
0.0002074608060000
0.0001817063750000
0.0001112909230000
0.0002330892600000
0.0000281509911000
0.0007072797160000
0.0010051298900000
0.0004171830950000
0.0002346007680000
0.0000311459698000
0.0002881912810000
0.0003672284660000
0.0001021308710000
0.0001076669870000
0.0000001313781720
0.0001386490620000
0.0000585105408000
0.0001336220450000
0.0003281413230000
0.0000146387638000
0.0002585327890000
0.0002561476720000
0.0000455182053000
0.0002840119410000
0.0001253899540000
0.0000013312815100
0.0000069699490200
0.0001462661890000
0.0002603310570000
0.0000576475250000
0.0000576433376000
0.0000125513216000
0.0001565837010000
0.0002579826100000
0.0000137009220000
0.0001415137380000
0.0002193496480000
0.0002148662460000
0.0002072046630000
0.0000404030616000
0.0001989466400000
0.0002494918880000
0.0000890362498000
0.0000796608947000
0.0000180763182000
0.0000521107686000
0.0001216660530000
0.0000487001562000
0.0000254105471000
0.0002359205970000
0.0002838812650000
0.0000879072031000
0.0000283389345000
0.0000133805715000
0.0000079105320800
0.0000441802767000
0.0001662283900000
0.0000954476345000
0.0000369330628000
0.0002881756810000
0.0002167334610000
0.0007098342760000
0.0011117660900000
0.0001799719180000
0.0006984939680000
0.0017850415300000
0.0009150166880000
0.0004868962570000
0.0005272635610000
0.0012687323600000
0.0032876494800000
0.0020171881200000
0.0002558003760000
0.0010554038500000
0.0002501155540000
0.0019137536900000
0.0024408297600000
0.0000923933985000
0.0015421639000000
0.0004028260880000
0.0307229757000000
0.1007529500000000
0.1083685680000000
0.0407633223000000
0.0020504319100000
0.0011285232600000
0.0000421406621000
0.0020026729900000
0.0022625490100000
0.0000224552896000
0.0009727384890000
0.0007039131590000
0.0000161448152000
0.0001604353750000
0.0000187961559000
0.0002704354700000
0.0002585478360000
0.0000253172057000
0.0000374175834000
0.0001994786580000
0.0005826104900000
0.0004440691260000
0.0000241669932000
0.0001218608230000
0.0000936613723000
0.0000150277665000
0.0001190790790000
0.0000206980894000
0.0000590239324000
0.0000964253340000
0.0000028364659100
0.0000632775918000
0.0000661866870000
0.0000044038893100
0.0000121492585000
0.0000208966667000
0.0000033252511000
0.0000193799788000
0.0000235404714000
0.0000047058492800
0.0000051822185000
0.0000104124119000
0.0000826350151000
0.0000529941244000
0.0000084060066000
0.0000473995678000
0.0000150462465000
0.0000472598695000
0.0000537025298000
0.0000026798045400
0.0000018591459800
0.0000090509274700
0.0000440544827000
0.0000203352338000
0.0000829752389000
0.0001426439560000
0.0000282414621000
0.0000138207097000
0.0000415989634000
0.0000249173427000
0.0000091988349600
0.0000065602807800
0.0000418002564000
0.0000146962093000
0.0000066301581700
0.0000115829534000
0.0000105047566000
0.0000838340711000
0.0000928728622000
0.0000272374818000
0.0000557009407000
0.0001174824940000
0.0000586996794000
0.0000394537710000
0.0000686962739000
0.0000212015002000
0.0000298294526000
0.0000611462383000
0.0000237060085000
0.0000021801236000
0.0000085037927400
0.0000140627699000
0.0000002825558740
0.0000115214734000
0.0000168306542000
0.0000309937132000
0.0000432395864000
0.0000563447393000
0.0001831472910000
0.0003632313750000
0.0004656965320000
0.0004133364420000
0.0004985276610000
0.0005965495950000
0.0003401628930000
0.0002406773270000
0.0001306207710000
0.0000066100883500
0.0001418612370000
0.0003436790140000
0.0018748780700000
0.0038999980300000
0.0042656050100000
0.0033015979000000
0.0014529672900000
0.0009478709540000
0.0020340713700000
0.0012040578300000
0.0002146842890000
0.0007203334240000
0.0003130304390000
0.0000560806548000
0.0004135507920000
0.0003844490860000
0.0003410697390000
0.0002112702640000
0.0000324732682000
0.0000036729511500
0.0000010484758400
0.0000026134732700
0.0000563178764000
0.0001439573240000
0.0000684810075000
0.0000309028255000
0.0000683266043000
0.0000224797514000
0.0000427280866000
0.0000455311056000
0.0000251529800000
0.0000192988846000
0.0000031235949800
0.0000495887944000
0.0000293414705000
0.0000067059754700
0.0000438648494000
0.0000239203055000
0.0000198307844000
0.0000104962492000
0.0000065100834900
0.0000299150070000
0.0000044767839400
0.0000180276056000
0.0000390450077000
0.0000043697523300
0.0000185224580000
0.0000229058878000
0.0000036572030200
0.0000184150413000
0.0000042580813900
0.0000182138792000
0.0000285372007000
0.0000011777067400
0.0000303891266000
0.0000391272442000
0.0000053653525400
0.0000039042188300
0.0000094220713400
0.0000062723288500
0.0000073684505000
0.0000099662411200
0.0000015939052700
0.0000140068523000
0.0000194761651000
0.0000024413138800
0.0000305679678000
0.0000295283971000
0.0000013208879200
0.0000227586061000
0.0000413422422000
0.0000194957593000
0.0000037062607100
0.0000269217908000
0.0000327938724000
0.0000272650432000
0.0000471374915000
0.0000587067152000
0.0000316582482000
0.0000070384553500
0.0000160966756000
0.0000057884053600
0.0000137659426000
0.0000482489668000
0.0000346092929000
0.0000799417248000
0.0000965167637000
0.0000243459690000
0.0000439561918000
0.0000234435720000
0.0000110637029000
0.0000260141369000
0.0000285833976000
0.0001568933950000
0.0000220473139000
0.0001801097820000
0.0003532024570000
0.0000034916197400
0.0003554025900000
0.0003123540370000
0.0005699468310000
0.0003118866300000
0.0024363002700000
0.0225375295000000
0.0443101972000000
0.0334222838000000
0.0094347307500000
0.0009993780400000
0.0002723708750000
0.0002156412370000
0.0004127973220000
0.0000669248038000
0.0000662463717000
0.0000539996799000
0.0004255390380000
0.0003033341780000
0.0000626950714000
0.0003498454750000
0.0000898921862000
0.0000701052413000
0.0001408668320000
0.0000070910195900
0.0000562738860000
0.0000034513013800
0.0000739659881000
0.0000631462899000
0.0000080343379500
0.0000565375340000
0.0000147382625000
0.0000127946441000
0.0000042296928800
0.0000328402639000
0.0000265223025000
0.0000124431326000
0.0000642954692000
0.0000147518986000
0.0000164802987000
0.0000562782297000
0.0000410645080000
0.0000277172985000
0.0000113551323000
0.0000134412476000
0.0000216933258000
0.0000292978202000
0.0000168587558000
0.0000109344455000
0.0000217518300000
0.0000143462476000
0.0000173403496000
0.0000224220657000
0.0000252364080000
0.0000153618639000
0.0000211054667000
0.0000233637275000
0.0000092111131400
0.0000163915774000
0.0000125341921000
0.0000126173945000
0.0000214153570000
0.0000163407130000
0.0000046812001500
0.0000103405482000
0.0000293019748000
0.0000153964647000
0.0000045085780600
0.0000162129381000
0.0000172425771000
0.0000067604960300
0.0000220281690000
0.0000218299610000
0.0000032160228300
0.0000243138657000
0.0000159346273000
0.0000235234656000
0.0000345346962000
0.0000013440374000
0.0000215155178000
0.0000388227854000
0.0000265862873000
0.0000203808013000
0.0000147247292000
0.0000125334363000
0.0000012898857400
0.0000196543879000
0.0000282784022000
0.0000098004111400
0.0000161631506000
0.0000210135040000
0.0000104150477000
0.0000017770169100
0.0000120634704000
0.0000171672345000
0.0000001662999550
0.0000306162219000
0.0000749002429000
0.0000265721828000
0.0000020635523000
0.0000134543707000
0.0000352165916000
0.0001414889700000
0.0000721795222000
0.0000241245543000
0.0002093918590000
0.0003307930310000
0.0006210226570000
0.0005930225600000
0.0002373016470000
0.0008715613510000
0.0014264666200000
0.0007846729710000
0.0003188976840000
0.0002843102560000
0.0000994310394000
0.0001360439640000
0.0002684778590000
0.0001319626460000
0.0000080691879700
0.0000066842430900
0.0000031508243400
0.0000061581095000
0.0000148853915000
0.0000391875474000
0.0000191471172000
0.0000287462008000
0.0000540397159000
0.0000067697033000
0.0000231633257000
0.0000248633532000
0.0000011637553100
0.0000224458763000
0.0000053470776000
0.0000078853554400
0.0000089767399900
0.0000102273470000
0.0000248021279000
0.0000038348657700
0.0000058710697900
0.0000034450956700
0.0000088284477800
0.0000258650580000
0.0000100611987000
0.0000057175243500
0.0000030880398800
0.0000052876102900
0.0000117684076000
0.0000066425277500
0.0000108550203000
0.0000057320444300
0.0000011828567500
0.0000055571918000
0.0000020816519300
0.0000027530406900
0.0000095027689800
0.0000094942197300
0.0000030858145700
0.0000034764998400
0.0000098356758800
0.0000048710608100
0.0000009156840970
0.0000100936868000
0.0000075049806500
0.0000005459674530
0.0000082362485000
0.0000056088329100
0.0000052416999100
0.0000131894958000
0.0000025763356500
0.0000053615726800
0.0000154270510000
0.0000058562100100
0.0000065249050700
0.0000031088868600
0.0000052167279100
0.0000192893640000
0.0000097219854000
0.0000025638603300
0.0000001243969340
0.0000063801640000
0.0000121754038000
0.0000006883992110
0.0000060160064100
0.0000025838469400
0.0000048583606300
0.0000163186996000
0.0000034012446100
0.0000065784411200
0.0000070009459700
0.0000012446067800
0.0000129813843000
0.0000055015939300
0.0000022280669300
0.0000118659746000
0.0000046529708000
0.0000027735181900
0.0000220138209000
0.0000300720276000
0.0000098032305700
0.0000079067003800
0.0000436528499000
0.0000269812263000
0.0000020460022400
0.0000360852646000
0.0000149811212000
0.0000047332223400
0.0000036084550200
0.0001554552580000
0.0003492648540000
0.0000394194722000
0.0006784573190000
0.0022459887000000
0.0018282830700000
0.0009658032790000
0.0014462053100000
0.0008837367060000
0.0000333542412000
0.0003156860480000
0.0003067369690000
0.0000341363120000
0.0000302703829000
0.0000249713921000
0.0000398968223000
0.0000442791534000
0.0000119043261000
0.0000006423888980
0.0000020744676000
0.0000071092813400
0.0000131509796000
0.0000056773697000
0.0000036430437800
0.0000083161585200
0.0000003245753530
0.0000189542807000
0.0000291402957000
0.0000102693557000
0.0000006088649230
0.0000040105578600
0.0000138103978000
0.0000048330330200
0.0000015478805200
0.0000031987863200
0.0000010549162000
0.0000091265565000
0.0000044317871500
0.0000075050788800
0.0000037589393300
0.0000040411378000
0.0000115222210000
0.0000002267136520
0.0000114141276000
0.0000083686836600
0.0000026442242000
0.0000202148985000
0.0000063866918900
0.0000053163007600
0.0000104123010000
0.0000015289075500
0.0000049917071000
0.0000007555964320
0.0000053140697700
0.0000084462208200
0.0000002673968420
0.0000040229119800
0.0000051039214700
0.0000061989017000
0.0000060879378900
0.0000021901360000
0.0000032599246000
0.0000011391360900
0.0000022298377200
0.0000043527875300
0.0000005973911360
0.0000022946719600
0.0000030997312000
0.0000013446654100
0.0000010452701000
0.0000021207577000
0.0000052427749300
0.0000014184697600
0.0000031383610800
0.0000095716113700
0.0000023254963300
0.0000014312366800
0.0000047142220900
0.0000020844422600
0.0000078400544200
0.0000128077772000
0.0000058995192400
0.0000000993030226
0.0000021332209600
0.0000019446522400
0.0000002304380050
0.0000000026213225
0.0000029799971300
0.0000103056700000
0.0000049135592200
0.0000006304329080
0.0000055744194500
0.0000036946664700
0.0000052573004700
0.0000057004949700
0.0000001560063790
0.0000034282074900
0.0000037270731400
0.0000003469954490
0.0000003338053600
0.0000023921786600
0.0000091291076300
0.0000080333757100
0.0000010224731600
0.0000019955405200
0.0000012248215200
0.0000026267091500
0.0000100520228000
0.0000073006935900
0.0000149469752000
0.0003100259050000
0.0009384455040000
0.0009367068990000
0.0002117576950000
0.0001055971010000
0.0003688554860000
0.0001425027880000
0.0000037663410200
0.0000356090168000
0.0000001767129450
0.0000538978020000
0.0000405934843000
0.0000025270785500
0.0000135489145000
0.0000018456203200
0.0000098437458200
0.0000032250982300
0.0000046346149200
0.0000104437431000
0.0000051681995500
0.0000129821155000
0.0000032359494100
0.0000075337579800
0.0000104378214000
0.0000049113373300
0.0000124359522000
0.0000039815458900
0.0000039506826400
0.0000037257636900
0.0000016148840100
0.0000106527550000
0.0000060793477100
0.0000035389957700
0.0000024062424000
0.0000047103385400
0.0000084238599800
0.0000016143952700
0.0000036152728200
0.0000029856184900
0.0000033292074000
0.0000083128443200
0.0000018073685600
0.0000059628782800
0.0000053669982700
0.0000012752285600
0.0000110052097000
0.0000035795483200
0.0000027987482600
0.0000074052163600
0.0000004600787520
0.0000092534273700
0.0000046815448500
0.0000026151594700
0.0000081003954600
0.0000008091734000
0.0000078389421100
0.0000038590724200
0.0000030594330800
0.0000052139535000
0.0000013362848700
0.0000109619350000
0.0000024081446100
0.0000051993388300
0.0000081582184000
0.0000007323664020
0.0000105013105000
0.0000025308215800
0.0000038392631700
0.0000053639719200
0.0000018600635500
0.0000082178257800
0.0000011453528300
0.0000041114749400
0.0000020701350000
0.0000060547681600
0.0000114462846000
0.0000003810050940
0.0000091358388000
0.0000055791601900
0.0000040412383000
0.0000127226858000
0.0000037864444900
0.0000036242597600
0.0000012176173000
0.0000040145619100
0.0000047718881400
0.0000005010717810
0.0000072686725600
0.0000033786680000
0.0000028181689200
0.0000043610839400
0.0000020166573900
0.0000037066247400
0.0000025368651700
0.0000037096197000
0.0000034032618700
0.0000030189833100
0.0000033748688100
0.0000059695066700
0.0000043917957600
0.0000010216987200
0.0000042811202500
0.0000010861527900
0.0000016461464200
0.0000012836088700
0.0000031810989200
0.0000173440694000
0.0000127848280000
0.0000067130672500
0.0000192961397000
0.0000246535747000
0.0000104047622000
0.0000068383874300
0.0000135715218000
0.0000142886565000
0.0000357530771000
0.0000273135447000
0.0000014910886000
0.0000133928870000
0.0000054069955700
0.0000028757388000
0.0000086838026600
0.0000018812581900
0.0000090585062900
0.0000023253096500
0.0000050242088000
0.0000110308711000
0.0000014636066200
0.0000049262093900
0.0000039603369300
0.0000025512044900
0.0000023690083700
0.0000031952661200
0.0000052904697400
0.0000003682357320
0.0000055445780200
0.0000038927210000
0.0000016057315400
0.0000057128882000
0.0000013039076500
0.0000031146994400
0.0000023298364300
0.0000041458511100
0.0000059254812200
0.0000003391294000
0.0000035832679300
0.0000022144097300
0.0000036322690000
0.0000038543271300
0.0000014132668900
0.0000039679848700
0.0000006484618210
0.0000048929764500
0.0000064080736600
0.0000014355732700
0.0000034393415300
0.0000027252986000
0.0000024730572900
0.0000032859165900
0.0000038499465500
0.0000025129234000
0.0000021775915700
0.0000035447935700
0.0000019040689900
0.0000045061906300
0.0000033222806900
0.0000012298716000
0.0000030144337900
0.0000017186438300
0.0000034909212400
0.0000023878865200
0.0000023229943100
0.0000041258158500
0.0000018687234200
0.0000036486048900
0.0000020156974200
0.0000018339070500
0.0000084600242100
0.0000069050079200
0.0000009514333780
0.0000012808218300
0.0000036708747800
0.0000020992520100
0.0000019363892500
0.0000044561920700
0.0000033931883100
0.0000023327591000
0.0000024946905300
0.0000019216192900
0.0000027439066300
0.0000035161067400
0.0000015038928000
0.0000013328081000
0.0000048653250800
0.0000031434690300
0.0000010826568100
0.0000033351439000
0.0000021233775000
0.0000018359164600
0.0000032871223500
0.0000029000473200
0.0000024952578300
0.0000023416798700
0.0000025598060300
0.0000023319819300
0.0000025872866400
0.0000025156186900
0.0000019661351900
0.0000022197346000
0.0000024930468500
0.0000022447134100
0.0000020984698500
0.0000020851077800
0.0000018639849500
0.0000018401597100
0.0000022987057900
0.0000018687835600
0.0000037027446100
0.0000046965960800
0.0000015670518700
0.0000007186164340
0.0000021369637600
0.0000025635217800
0.0000026620421100
0.0000031418449000
0.0000028666222500
0.0000018765105100
0.0000017403683600
0.0000019660853900
0.0000022916224200
0.0000021211747000
0.0000023479976800
0.0000022187437000
0.0000021022431200
0.0000022704714400
0.0000021390064800
0.0000024523560600
0.0000019762960600
0.0000020799136600
0.0000021377968600
0.0000022347737700
0.0000022299459500
0.0000018752880400
0.0000023893076100
0.0000019564308800
0.0000020019247100
0.0000021823473200
0.0000021585462900
0.0000021173739200
0.0000020113807300
0.0000025144286200
0.0000017353745500
0.0000019044756500
0.0000018536919700
0.0000017935213900
0.0000024613389100
0.0000021000510100
0.0000022592039400
0.0000016661903100
0.0000018941308300
0.0000018818590200
0.0000021228206600
0.0000025326030500
0.0000018108165700
0.0000027284661400
0.0000014325279400
0.0000022802551000
0.0000018794518200
0.0000020597294700
0.0000018376491700
0.0000022074655100
0.0000024434230000
0.0000019615390600
0.0000024427479300
0.0000014596091700
0.0000018940305600
0.0000023596358000
0.0000021869470900
0.0000022120693800
0.0000016112962800
0.0000014105579600
0.0000017412585300
0.0000027132157400
0.0000026643938300
0.0000020328450300
0.0000022740196100
0.0000012525919100
0.0000019258147900
0.0000029830914600
0.0000021597502400
0.0000012746254500
0.0000014264610400
0.0000022793162800
0.0000027833009400
0.0000020218476500
0.0000009514608330
0.0000024270693800
0.0000032266496000
0.0000025249369200
0.0000013704078600
0.0000026351158300
0.0000012001768300
0.0000022520746400
0.0000047307366900
0.0000015550172100
0.0000009827776920
0.0000009564172390
0.0000016633332500
0.0000045411902600
0.0000030611274700
0.0000014117811100
0.0000016624679800
0.0000033102787700
0.0000029024131400
0.0000005311162000
0.0000034955639900
0.0000061226478500
0.0000006102499700
0.0000018108675000
0.0000045208416900
0.0000014210949100
0.0000026062580200
0.0000027841977000
0.0000018484061000
0.0000022392648600
0.0000017110405700
0.0000014326486700
0.0000025290346500
0.0000017745745700
0.0000017507300100
0.0000032731343300
0.0000012475725300
0.0000017955122800
0.0000038911639400
0.0000023125092000
0.0000007871802270
0.0000021643670600
0.0000013648139000
0.0000014644761000
0.0000030808978400
0.0000022262481700
0.0000004431590240
0.0000014712406900
0.0000022208339500
0.0000025656343000
0.0000013133947000
0.0000012166283300
0.0000055058790200
0.0000037490051500
0.0000002049182510
0.0000027930004800
0.0000014794403600
0.0000013500152800
0.0000040485824700
0.0000025757274200
0.0000009436274690
0.0000024758107900
0.0000016703220400
0.0000012456769100
0.0000017450676100
0.0000012961060100
0.0000027262094600
0.0000021418866300
0.0000009019488510
0.0000011840215800
0.0000018602563600
0.0000026911916400
0.0000021990083500
0.0000011596266600
0.0000019055677300
0.0000024159890000
0.0000016663123000
0.0000014273478000
0.0000015542576600
0.0000012454570400
0.0000019399813000
0.0000034530792200
0.0000024748890200
0.0000007942155090
0.0000015320696300
0.0000028811027700
0.0000010729918400
0.0000007399397080
0.0000029163379600
0.0000027015073600
0.0000017423567400
0.0000011629242600
0.0000013690553300
0.0000014562709800
0.0000015731909600
0.0000016822729100
0.0000016344687300
0.0000017467640400
0.0000014286260900
0.0000013922912100
0.0000015612109800
0.0000017196680300
0.0000017213727700
0.0000016194063600
0.0000017314127900
0.0000014649390300
0.0000015698406100
0.0000017016950600
0.0000016842219600
0.0000016405961100
0.0000013521607800
0.0000015362691100
0.0000018350247000
0.0000015826755100
0.0000012770653900
0.0000011081056100
0.0000017290196900
0.0000021032678900
0.0000016577928400
0.0000013512448000
0.0000011908297200
0.0000016179544700
0.0000018254428400
0.0000016297857400
0.0000012762968700
0.0000012861888800
0.0000015258672200
0.0000017121634500
0.0000017251321700
0.0000014007195000
0.0000012967964300
0.0000014999046700
0.0000018192453100
0.0000017915144800
0.0000015957714400
0.0000012020501600
0.0000011759506200
0.0000016332015800
0.0000019490464600
0.0000018508693500
0.0000011930101200
0.0000011518656000
0.0000015160634300
0.0000016446308600
0.0000018928986900
0.0000013953404000
0.0000009314006770
0.0000015899555600
0.0000022082431300
0.0000013144143600
0.0000015299601700
0.0000013335541100
0.0000012672202300
0.0000020638058200
0.0000015939382400
0.0000009724416260
0.0000010289833200
0.0000011712039600
0.0000025747081100
0.0000037769666500
0.0000014237585900
0.0000007630513320
0.0000015506989300
0.0000015585251300
0.0000017933663200
0.0000012261384700
0.0000011297377100
0.0000011913526800
0.0000016357189500
0.0000018277393100
0.0000015182723700
0.0000011513961900
0.0000010620960900
0.0000015244537500
0.0000016667168000
0.0000013582824700
0.0000014098282000
0.0000012124566000
0.0000018193085200
0.0000014914153300
0.0000012443190400
0.0000013505656400
0.0000010402390000
0.0000015445717700
0.0000018965830600
0.0000014121797000
0.0000014199830500
0.0000009940092690
0.0000015011690900
0.0000013482123200
0.0000016242061100
0.0000014095317100
0.0000011766671800
0.0000014538839000
0.0000014515964000
0.0000015449173800
0.0000012999255400
0.0000012272115600
0.0000014441235400
0.0000014389135000
0.0000015088681900
0.0000013168866000
0.0000013760904900
0.0000014089088200
0.0000013225297800
0.0000015457239900
0.0000011754657400
0.0000013756161900
0.0000012505706800
0.0000013073682800
0.0000016156514000
0.0000012391938100
0.0000014765188300
0.0000011935908300
0.0000013682912400
0.0000013449619000
0.0000012189967700
0.0000014862338300
0.0000011750049700
0.0000014049071500
0.0000012883084500
0.0000013883400200
0.0000012810958200
0.0000012260427400
0.0000014153471300
0.0000013299014700
0.0000013525661900
0.0000012732872400
0.0000013499956100
0.0000014361093000
0.0000011285685600
0.0000014783617000
0.0000011448912600
0.0000012916755200
0.0000013193763400
0.0000012576580300
0.0000013609452500
0.0000010416391700
0.0000013822736900
0.0000012380010000
0.0000013868992700
0.0000013152074400
0.0000013128391200
0.0000013170390500
0.0000012133915600
0.0000013385525800
0.0000013325349100
0.0000012559024800
0.0000012952097000
0.0000011370762000
0.0000012961844500
0.0000011920519700
0.0000012484368900
0.0000013723976100
0.0000013206801000
0.0000012745925900
0.0000012376908700
0.0000012790171700
0.0000012418161100
0.0000012762269500
0.0000013952018200
0.0000013585320200
0.0000013772489600
0.0000012591137900
0.0000012336629400
0.0000012612722500
0.0000012284527900
0.0000012408447700
0.0000011863352300
0.0000012391268500
0.0000011614608900
0.0000012270315900
0.0000012222107000
0.0000012696036700
0.0000012408535200
0.0000012636981000
0.0000012009500100
0.0000013713707900
0.0000013941323700
0.0000010911957100
0.0000011177296500
0.0000014268298400
0.0000012332600400
0.0000011936339200
0.0000013608593000
0.0000012613861600
0.0000010995121300
0.0000012317236700
0.0000012806564200
0.0000011909514800
0.0000012803225200
0.0000012448457500
0.0000011388234500
0.0000012090380300
0.0000012087269900
0.0000011861196800
0.0000011409387100
0.0000012404204900
0.0000011864979100
0.0000011727833000
0.0000011715629900
0.0000012013935000
0.0000011514771400
0.0000012038005900
0.0000011062007800
0.0000011703772300
0.0000012293635300
0.0000011646792500
0.0000011895414200
0.0000012237626400
0.0000011459185300
0.0000011081225500
0.0000012041385800
0.0000011577670900
0.0000012645516600
0.0000010204934100
0.0000011838880000
0.0000010329009700
0.0000013351165100
0.0000012345484500
0.0000011323048700
0.0000011413707200
0.0000010884716600
0.0000013408847500
0.0000011566011200
0.0000011710533300
0.0000010973782300
0.0000010550851400
0.0000012459889800
0.0000012349701100
0.0000012408564800
0.0000010524082700
0.0000010650599100
0.0000012281494700
0.0000011491946500
0.0000012873445000
0.0000010032771300
0.0000010996468500
0.0000011035957600
0.0000012621542300
0.0000013083752000
0.0000009963451930
0.0000011464609300
0.0000009858707700
0.0000012102921100
0.0000013661308500
0.0000010410723200
0.0000012471367700
0.0000009085733840
0.0000012308664700
0.0000012026440600
0.0000010778986700
0.0000011841433400
0.0000009111500380
0.0000013477248300
0.0000010455099800
0.0000012080911300
0.0000010565515800
0.0000009293896140
0.0000013614179600
0.0000008270711190
0.0000014014996200
0.0000009814619940
0.0000011202223500
0.0000011320737500
0.0000010419471400
0.0000012909944200
0.0000008603699370
0.0000013179973200
0.0000009476352710
0.0000011589318100
0.0000011637316700
0.0000009907589630
0.0000011604097400
0.0000010525417300
0.0000010281655700
0.0000012503269300
0.0000010696493300
0.0000011385279800
0.0000009541387270
0.0000012115158400
0.0000009806650500
0.0000014153691800
0.0000008922676780
0.0000011555055200
0.0000009906348160
0.0000012034221300
0.0000009015043920
0.0000011136932000
0.0000012335151500
0.0000009687365720
0.0000011235537200
0.0000010091240500
0.0000011847803300
0.0000010268223600
0.0000010171651200
0.0000012007064900
0.0000009406538190
0.0000012867435500
0.0000008624717220
0.0000013019390500
0.0000009150701880
0.0000010321618900
0.0000012127097800
0.0000009320534670
0.0000011001685600
0.0000008985559240
0.0000013354173200
0.0000008297935780
0.0000012965541600
0.0000008225726450
0.0000011207279200
0.0000011988743200
0.0000008492622780
0.0000013834210200
0.0000007211339150
0.0000012708194400
0.0000010936710200
0.0000008851214370
0.0000011268902000
0.0000010560562500
0.0000007919988430
0.0000014424407500
0.0000006861114910
0.0000012075858000
0.0000011186373300
0.0000008599563440
0.0000015829256200
0.0000005108756800
0.0000016285794100
0.0000007766659560
0.0000010040818100
0.0000012247309100
0.0000008243333700
0.0000011840197700
0.0000012363017300
0.0000006924278750
0.0000013723420100
0.0000009284025850
0.0000008808032700
0.0000013079642300
0.0000008621059910
0.0000012655850700
0.0000009160123110
0.0000012110905300
0.0000012426371500
0.0000006261855110
0.0000015666532800
0.0000008572834530
0.0000008897013690
0.0000016281421700
0.0000005225720660
0.0000014008051000
0.0000008853371010
0.0000008765201180
0.0000014220524900
0.0000006057999830
0.0000013269265100
0.0000012873068700
0.0000006099289180
0.0000021061735000
0.0000003990034830
0.0000015313321500
0.0000007077185840
0.0000010316417700
0.0000011956535700
0.0000007442741890
0.0000010583374900
0.0000011479538700
0.0000006483334120
0.0000015600193100
0.0000007185694810
0.0000009499559610
0.0000012573384500
0.0000007596920000
0.0000011822551200
0.0000009514345150
0.0000007627716630
0.0000014051484000
0.0000006401359090
0.0000013375041600
0.0000009862294510
0.0000007340433960
0.0000013476201300
0.0000006917148880
0.0000013617998300
0.0000008683354620
0.0000008265091080
0.0000012252285200
0.0000007482061050
0.0000010890815900
0.0000011311024100
0.0000007435480140
0.0000010388946500
0.0000009855164080
0.0000009673195790
0.0000010632227300
0.0000007582140140
0.0000010705625800
0.0000008444943660
0.0000010362691700
0.0000010810727000
0.0000007724697180
0.0000010854690800
0.0000008574995140
0.0000010057393600
0.0000011229587900
0.0000008157925890
0.0000008741688470
0.0000008750429290
0.0000010408106200
0.0000010310537800
0.0000008429274200
0.0000009472403230
0.0000008583222090
0.0000009795918460
0.0000009881828190
0.0000010067325300
0.0000007874862720
0.0000009599663140
0.0000009197377150
0.0000010214528200
0.0000010447603200
0.0000007022472350
0.0000011036510200
0.0000007477414670
0.0000011099883700
0.0000008195385130
0.0000010306924900
0.0000008393532200
0.0000009247906400
0.0000008497708000
0.0000010486857000
0.0000008705547420
0.0000008616588050
0.0000008712507330
0.0000011148993100
0.0000007308894960
0.0000010818029100
0.0000007688796020
0.0000009834747060
0.0000009263643510
0.0000009101973430
0.0000009344344100
0.0000008151193920
0.0000010510659600
0.0000007925068530
0.0000009119569880
0.0000009175487880
0.0000008471251360
0.0000010549110800
0.0000007154622490
0.0000010194862600
0.0000008305316890
0.0000010142534800
0.0000009594773470
0.0000008659554850
0.0000009890255800
0.0000008267841160
0.0000009551339420
0.0000007559248160
0.0000009456964560
0.0000010670451000
0.0000007246425750
0.0000010628633600
0.0000006351475580
0.0000012658423400
0.0000007987550820
0.0000011167786600
0.0000008656444940
0.0000008080553470
0.0000008902060240
0.0000009294743100
0.0000009856098580
0.0000008038921350
0.0000008210564600
0.0000010867081500
0.0000008334983480
0.0000009130021110
0.0000008651954310
0.0000009656254180
0.0000006878966020
0.0000010569781400
0.0000009540198110
0.0000007635797490
0.0000011611175500
0.0000006480564140
0.0000009722548380
0.0000008456760840
0.0000008358574630
0.0000009814081070
0.0000009010172440
0.0000008318829150
0.0000012123078900
0.0000005608736730
0.0000013507811900
0.0000006042574800
0.0000011531915300
0.0000004682887040
0.0000012379729200
0.0000005068311000
0.0000012092399400
0.0000007288902570
0.0000009122778690
0.0000010461268400
0.0000006581674370
0.0000010835759700
0.0000007020606740
0.0000009747575400
0.0000009932421100
0.0000007353363570
0.0000009243000810
0.0000008742222230
0.0000007791728650
0.0000010871821100
0.0000007209881120
0.0000009275899510
0.0000008165417850
0.0000007708351850
0.0000010254660800
0.0000008306282670
0.0000008594256540
0.0000008505843990
0.0000006895858750
0.0000010665677300
0.0000006773543080
0.0000008431211420
0.0000009330960890
0.0000007197933770
0.0000010060996400
0.0000007675046730
0.0000008697321620
0.0000007206050440
0.0000009123700690
0.0000008480602670
0.0000008977892200
0.0000009462848990
0.0000008251903980
0.0000008611972360
0.0000008475932990
0.0000008515708600
0.0000007607679890
0.0000007418452130
0.0000009345822600
0.0000006302292950
0.0000010040695300
0.0000006857622450
0.0000012007410500
0.0000005858697140
0.0000010489628700
0.0000007011706770
0.0000008874504260
0.0000008056758810
0.0000008981288600
0.0000009215826820
0.0000007073828670
0.0000006489192970
0.0000011488874600
0.0000006146318580
0.0000009050244220
0.0000007219464920
0.0000009222077890
0.0000008042800910
0.0000008318079950
0.0000007819508600
0.0000007763400730
0.0000007955202360
0.0000011727578300
0.0000002959821470
0.0000016689566600
0.0000003086666140
0.0000016743238100
0.0000004323368330
0.0000010586868500
0.0000007150730430
0.0000008292943220
0.0000010618211900
0.0000006035448340
0.0000010153950100
0.0000006558773860
0.0000009812932830
0.0000006100506200
0.0000009976415640
0.0000006358012570
0.0000007475414350
0.0000008385560480
0.0000008903521680
0.0000006611522850
0.0000007487007570
0.0000010386762600
0.0000007621563900
0.0000007760364160
0.0000006383485240
0.0000016469135700
0.0000003012169710
0.0000018020119800
0.0000005014948100
0.0000008615840550
0.0000012896533700
0.0000001987438480
0.0000021101468500
0.0000001856583650
0.0000013144708600
0.0000006681191280
0.0000010618680300
0.0000009663147010
0.0000009223701340
0.0000012153739100
0.0000009664713610
0.0000005862684700
0.0000010464726800
0.0000007933605270
0.0000013318340300
0.0000005949207210
0.0000016263644500
0.0000002459687490
0.0000013763568600
0.0000004974865530
0.0000008202779900
0.0000012207680100
0.0000003766884330
0.0000013944775200
0.0000009473649810
0.0000007098241210
0.0000014680030100
0.0000003723155830
0.0000012610897800
0.0000004906521550
0.0000015292153000
0.0000004094416970
0.0000007047843270
0.0000010616796500
0.0000006237453930
0.0000007891645740
0.0000013107091900
0.0000005932246840
0.0000005400700620
0.0000016891280000
0.0000001488365770
0.0000015327489100
0.0000005394738310
0.0000005659872500
0.0000013691244500
0.0000003507494740
0.0000013972852500
0.0000011165952900
0.0000007080186600
0.0000015341104200
0.0000002847316690
0.0000013243903800
0.0000006763731340
0.0000005094035490
0.0000015501359500
0.0000002354038030
0.0000011925704900
0.0000007454397060
0.0000004040273040
0.0000011963513800
0.0000006155227650
0.0000008266325150
0.0000010187653700
0.0000006445935700
0.0000007367105470
0.0000011230257500
0.0000003984557110
0.0000018490210300
0.0000001522288640
0.0000015473774500
0.0000004879486820
0.0000005933972030
0.0000013219038200
0.0000003014339710
0.0000010223635600
0.0000008451136750
0.0000003577630420
0.0000016819800500
0.0000002475903500
0.0000010454283500
0.0000007876884070
0.0000004547597710
0.0000011795498300
0.0000006190236950
0.0000006509758920
0.0000011891182800
0.0000002462094810
0.0000016333083300
0.0000004893287840
0.0000008290622300
0.0000012444751300
0.0000003932329090
0.0000010220120400
0.0000008105487840
0.0000004864508580
0.0000014571448900
0.0000002076707090
0.0000014280495900
0.0000005440106750
0.0000008226788850
0.0000009113401230
0.0000005749249680
0.0000007339682500
0.0000008723221750
0.0000005036880570
0.0000009828912650
0.0000006410622860
0.0000007129710300
0.0000011322504200
0.0000003491029470
0.0000010956077900
0.0000006807857180
0.0000005280389250
0.0000011927841100
0.0000003915213820
0.0000010190643700
0.0000009975008190
0.0000003309933450
0.0000017473507800
0.0000001743236170
0.0000012899754400
0.0000008519826330
0.0000004601144780
0.0000015310835100
0.0000002368865210
0.0000011799221500
0.0000007191284790
0.0000005811988900
0.0000011943450300
0.0000003557795760
0.0000009382329720
0.0000007310005690
0.0000005551889900
0.0000008814629950
0.0000007223649730
0.0000005662672610
0.0000010261592300
0.0000003990980990
0.0000009575259130
0.0000007306381920
0.0000005157990590
0.0000012563732500
0.0000002332185430
0.0000012551753300
0.0000005312904820
0.0000007296009130
0.0000009039580390
0.0000004774478270
0.0000009216412300
0.0000007502216590
0.0000004964881550
0.0000012329027200
0.0000002655858110
0.0000012538665700
0.0000005936474280
0.0000005718831630
0.0000013717043400
0.0000001815835300
0.0000014123900200
0.0000004739871710
0.0000008771675650
0.0000010310682200
0.0000004010437350
0.0000011555348500
0.0000004114852460
0.0000008301140610
0.0000008226005550
0.0000004892436890
0.0000008725114070
0.0000005767651600
0.0000006323813860
0.0000008644918810
0.0000004749498710
0.0000009389228810
0.0000005036638980
0.0000008220804380
0.0000005787348410
0.0000007983789490
0.0000005336835900
0.0000008676186660
0.0000004594101600
0.0000008705723640
0.0000007328096100
0.0000005042672910
0.0000012426797900
0.0000002458941990
0.0000011394055300
0.0000006562662520
0.0000006017774010
0.0000013658773200
0.0000001895670610
0.0000014768567100
0.0000003598747180
0.0000009941510370
0.0000009042217350
0.0000003838354700
0.0000011189428100
0.0000004240319530
0.0000007804210900
0.0000008300273740
0.0000004890354150
0.0000008001560450
0.0000008801757750
0.0000004263442010
0.0000013466494700
0.0000002045765090
0.0000012563718900
0.0000004112225720
0.0000008186614190
0.0000006413517890
0.0000006701507120
0.0000005552228120
0.0000009377413900
0.0000003817881120
0.0000009390428200
0.0000006596347930
0.0000005091778800
0.0000010716163400
0.0000003396037870
0.0000010077492300
0.0000008995227170
0.0000003230633750
0.0000017056924000
0.0000001293849150
0.0000013383531700
0.0000009144745260
0.0000004931996500
0.0000015571214400
0.0000001528103160
0.0000012226278200
0.0000008445620090
0.0000003433702890
0.0000018404678000
0.0000000786896094
0.0000017854210900
0.0000007158595850
0.0000008962421130
0.0000012985874500
0.0000002623682460
0.0000011076699600
0.0000005621666330
0.0000004752211280
0.0000011173986000
0.0000002608626630
0.0000010945759600
0.0000004699550690
0.0000007409687440
0.0000008462715750
0.0000004388111280
0.0000009911254890
0.0000004968782150
0.0000009631601180
0.0000003812277210
0.0000011833512900
0.0000003091844290
0.0000009910521610
0.0000005954713060
0.0000006761536040
0.0000009582838620
0.0000002935350380
0.0000011614814600
0.0000006062016950
0.0000007474026230
0.0000014065991500
0.0000001734089780
0.0000018546983300
0.0000001143748560
0.0000014325906900
0.0000006826787170
0.0000007572858180
0.0000009650898390
0.0000003440699460
0.0000008881280560
0.0000008123762430
0.0000006773020690
0.0000012252758100
0.0000002675501490
0.0000013289133000
0.0000001955479120
0.0000014662504100
0.0000003662342460
0.0000010891396900
0.0000006298907920
0.0000007687734750
0.0000006369951960
0.0000004900422250
0.0000009921759560
0.0000004902069010
0.0000005816612540
0.0000011266545200
0.0000002564729580
0.0000014681744500
0.0000001193312610
0.0000015200315600
0.0000003131493140
0.0000009709430060
0.0000008200008780
0.0000003285000790
0.0000012184240200
0.0000002967612430
0.0000010139409600
0.0000009484236320
0.0000006161967010
0.0000015881104200
0.0000002002619370
0.0000014074883000
0.0000003101200720
0.0000010677183600
0.0000009355015890
0.0000003912102220
0.0000015999113400
0.0000000567362015
0.0000017699081800
0.0000001405493610
0.0000012718361400
0.0000003511194680
0.0000006473597410
0.0000007531464800
0.0000005188873050
0.0000006460752500
0.0000005456448090
0.0000007743759060
0.0000004545869670
0.0000009036426720
0.0000004955640520
0.0000006161143920
0.0000006304017010
0.0000007152401620
0.0000007027134070
0.0000013834405800
0.0000003869183440
0.0000023994639400
0.0000000968809672
0.0000019481610700
0.0000002557617900
0.0000011092154200
0.0000011566468200
0.0000004485886790
0.0000016100702900
0.0000001718081960
0.0000010743588100
0.0000005519027010
0.0000005774982700
0.0000010289735400
0.0000002869169010
0.0000011204857600
0.0000003235615220
0.0000009233939970
0.0000004043522490
0.0000007807026350
0.0000004396491140
0.0000008648055990
0.0000004578123760
0.0000006348484480
0.0000005602803980
0.0000007795227930
0.0000003493109660
0.0000013295537000
0.0000000368579869
0.0000020324732800
0.0000001183985750
0.0000015425964600
0.0000008485470180
0.0000008499931140
0.0000014709072500
0.0000001636502990
0.0000016880555900
0.0000001436946060
0.0000011392783100
0.0000005954569820
0.0000005057478920
0.0000010866715500
0.0000002678893050
0.0000010125182800
0.0000003631917880
0.0000009500974440
0.0000005693382260
0.0000006398374810
0.0000005618640560
0.0000006808469950
0.0000004784421320
0.0000009100084530
0.0000004598917090
0.0000008363095960
0.0000003077209670
0.0000009456582000
0.0000005561220750
0.0000009928328380
0.0000006987219760
0.0000004991795780
0.0000011301772200
0.0000001990270560
0.0000012247308000
0.0000002399031020
0.0000008131451070
0.0000005734734710
0.0000003600220570
0.0000010435781000
0.0000002289694270
0.0000011241552300
0.0000003128074010
0.0000007760802990
0.0000005265850400
0.0000006441895830
0.0000005174889000
0.0000006961620900
0.0000004874141270
0.0000006465979250
0.0000005449546730
0.0000006566022530
0.0000004891011830
0.0000007087571130
0.0000004740203960
0.0000006115380980
0.0000006103252300
0.0000005187824290
0.0000006636908550
0.0000005572006220
0.0000005578643820
0.0000006358411610
0.0000004894109790
0.0000007040517290
0.0000004705459840
0.0000005910409870
0.0000005963923970
0.0000005066814310
0.0000006092996050
0.0000006111120000
0.0000005273529950
0.0000005814861200
0.0000005493456570
0.0000006237693240
0.0000005744425950
0.0000005377951310
0.0000005929593950
0.0000005030576060
0.0000006109371500
0.0000005072975570
0.0000006631628930
0.0000004519278890
0.0000006471485110
0.0000005189478430
0.0000006343083210
0.0000004619793120
0.0000007433922060
0.0000004074577480
0.0000007323088770
0.0000005161737700
0.0000005323312280
0.0000005674132810
0.0000005634777270
0.0000005367853080
0.0000005829450630
0.0000005192686100
0.0000005961344410
0.0000005477193100
0.0000005139979750
0.0000006183400960
0.0000005165346690
0.0000005499705940
0.0000005940540290
0.0000004363823220
0.0000006377958360
0.0000005298048220
0.0000005176538590
0.0000006391745730
0.0000004893583420
0.0000005897431950
0.0000005346848870
0.0000005867045730
0.0000004839965300
0.0000005773587190
0.0000005341509000
0.0000005345146410
0.0000005699142210
0.0000004638509950
0.0000006086698930
0.0000005315620800
0.0000005600861070
0.0000006461717700
0.0000004772066970
0.0000006938940370
0.0000004501719670
0.0000006336961750
0.0000005163017820
0.0000005243381340
0.0000006530227670
0.0000004222569320
0.0000006812338710
0.0000004449212270
0.0000005991568630
0.0000006090622830
0.0000004470680610
0.0000007302571700
0.0000003953296360
0.0000006647063060
0.0000004712591700
0.0000005935098670
0.0000005875043030
0.0000004292338930
0.0000007248167440
0.0000003921061590
0.0000006757848040
0.0000004805967250
0.0000005942119970
0.0000005678635940
0.0000004749772980
0.0000006086499980
0.0000004928120920
0.0000005732405270
0.0000005511613490
0.0000004440656770
0.0000006703443200
0.0000004114585010
0.0000006380799960
0.0000004828756910
0.0000005576166020
0.0000005776520310
0.0000004902885280
0.0000006138366760
0.0000004699955130
0.0000005702831910
0.0000005148316970
0.0000005150111520
0.0000006254551860
0.0000004739794120
0.0000006385777170
0.0000004314669010
0.0000006082064490
0.0000004957411190
0.0000005245849480
0.0000005810350100
0.0000004736902780
0.0000005974487180
0.0000004106928200
0.0000006076978140
0.0000004746513580
0.0000005392610660
0.0000005367998030
0.0000004472642270
0.0000006243381560
0.0000005143036790
0.0000005021900050
0.0000005975050500
0.0000004358068400
0.0000006284176950
0.0000004460650870
0.0000005684753430
0.0000005086441210
0.0000005060964550
0.0000005328581100
0.0000005189815510
0.0000004929667630
0.0000005388604340
0.0000004772191460
0.0000005512495140
0.0000004888557330
0.0000004955367670
0.0000005827673140
0.0000004510345380
0.0000005641204550
0.0000005063508300
0.0000005049319040
0.0000005589101870
0.0000004954621890
0.0000005248947450
0.0000005472587650
0.0000005014109660
0.0000005345091840
0.0000004957453260
0.0000004776453580
0.0000005778509830
0.0000005009154050
0.0000005448754340
0.0000005086695300
0.0000004822991850
0.0000006033982340
0.0000004607918810
0.0000005337668090
0.0000004463825010
0.0000005433931850
0.0000005687302860
0.0000005591073200
0.0000005215800340
0.0000005788349430
0.0000005029867790
0.0000005304240180
0.0000004718586410
0.0000005288449070
0.0000005466083620
0.0000004852589090
0.0000005266950890
0.0000005287280940
0.0000004980005880
0.0000005263799490
0.0000005250068970
0.0000004662072400
0.0000004834632250
0.0000004847238980
0.0000006056345680
0.0000005017832340
0.0000005776321930
0.0000004954086990
0.0000005855316090
0.0000005130345930
0.0000005395702940
0.0000005587470470
0.0000005528589780
0.0000004378333070
0.0000005892111970
0.0000005071875080
0.0000005027806650
0.0000006003149910
0.0000005419334460
0.0000004640511410
0.0000005332444180
0.0000005472888350
0.0000005866911580
0.0000004845703070
0.0000004932325060
0.0000004785877080
0.0000005782246150
0.0000004751672690
0.0000005166187410
0.0000005163862510
0.0000004325219150
0.0000004739843860
0.0000004977115960
0.0000003871697340
0.0000004969770660
0.0000004940454800
0.0000004579668480
0.0000004689170230
0.0000005084891650
0.0000004844077350
0.0000004527620380
0.0000004815627790
0.0000005220471730
0.0000005349694450
0.0000004499933940
0.0000005701202780
0.0000004604022480
0.0000005173936870
0.0000005262099880
0.0000004711739050
0.0000005132488920
0.0000005584674340
0.0000005059815180
0.0000005342840840
0.0000004805514210
0.0000005250286680
0.0000004555314770
0.0000004874749490
0.0000004984851220
0.0000004867729330
0.0000004495403520
0.0000004564319620
0.0000004672712070
0.0000005174359220
0.0000004226684210
0.0000005105461580
0.0000005185276560
0.0000004531347320
0.0000004504730950
0.0000004426553060
0.0000004688081670
0.0000005309000810
0.0000005059947630
0.0000005012565230
0.0000004638109490
0.0000004320054640
0.0000004952875660
0.0000004601758970
0.0000005511095080
0.0000004527661870
0.0000004736186550
0.0000004814559130
0.0000005408392670
0.0000005437960340
0.0000004845078930
0.0000004535006890
0.0000004805558550
0.0000004438549870
0.0000004531349020
0.0000004747589340
0.0000004674461420
0.0000005319444090
0.0000004593378830
0.0000004687822470
0.0000003944649900
0.0000004136726940
0.0000005154250290
0.0000005620282760
0.0000004378634630
0.0000005113008110
0.0000004125845410
0.0000003478423590
0.0000004805859250
0.0000003970215800
0.0000004324438690
0.0000004173722630
0.0000004225472030
0.0000005304133880
0.0000005547578890
0.0000004558337990
0.0000005439914050
0.0000005087158570
0.0000004650041770
0.0000004634748050
0.0000004437895310
0.0000005082420670
0.0000004962320190
0.0000005434020520
0.0000005062748300
0.0000005195234390
0.0000005479814150
0.0000004882356280
0.0000004133218850
0.0000004596940930
0.0000004219294280
0.0000004303659860
0.0000005634536820
0.0000004951159550
0.0000004530796790
0.0000004263391420
0.0000005219321220
0.0000005480360410
0.0000005179232400
0.0000004714421490
0.0000004591065310
0.0000005641846310
0.0000004288952480
0.0000005239876370
0.0000005279341620
0.0000004205987240
0.0000004875987540
0.0000004984846670
0.0000006293738580
0.0000005093991720
0.0000005256362100
0.0000005568992950
0.0000005220763910
0.0000005591393800
0.0000005422996310
0.0000004649638470
0.0000003880130630
0.0000003812930060
0.0000005325265420
0.0000004715172390
0.0000004683653000
0.0000004785079000
0.0000005453184140
0.0000005713741300
0.0000003735946730
0.0000004554874810
0.0000004925548750
0.0000004991783270
0.0000004817918010
0.0000004032524150
0.0000005470804470
0.0000004282496770
0.0000004617238010
0.0000004089560260
0.0000004776417200
0.0000004556999330
0.0000004549907260
0.0000004554324560
0.0000003914282160
0.0000004602128170
0.0000004138466920
0.0000004277304700
0.0000003692624380
0.0000004362713920
0.0000004221113270
0.0000005038766630
0.0000004283297980
0.0000003714123980
0.0000004250400710
0.0000004790534260
0.0000004315348010
0.0000004314350120
0.0000004170620120
0.0000004926961880
0.0000004585180310
0.0000004555826650
0.0000004140008800
0.0000004584049980
0.0000004678295230
0.0000004580278980
0.0000004410082970
0.0000004511008460
0.0000004504809400
0.0000005806189170
0.0000004485851260
0.0000004867633830
0.0000004297367870
0.0000003784921600
0.0000004258610600
0.0000005477589870
0.0000004888105420
0.0000005588963180
0.0000004326162750
0.0000004534038280
0.0000004678864510
0.0000004619245430
0.0000004460874550
0.0000004743304200
0.0000004672153010
0.0000004622512790
0.0000004483913190
0.0000004727650950
0.0000004512983760
0.0000004507609790
0.0000004648118190
0.0000005174434250
0.0000004853210380
0.0000004393014020
0.0000004348248130
0.0000004729907350
0.0000004603791410
0.0000005177383850
0.0000004383576310
0.0000004693012560
0.0000004564346630
0.0000004838226460
0.0000004774804550
0.0000005088902530
0.0000004684192160
0.0000004785736680
0.0000004453291920
0.0000004606051500
0.0000004630006170
0.0000004537609750
0.0000004406682590
0.0000004257725270
0.0000005273963100
0.0000004786744510
0.0000004468138570
0.0000004497719600
0.0000004072304880
0.0000003966407010
0.0000004431545340
0.0000004050886280
0.0000003991958410
0.0000004240017120
0.0000004396237610
0.0000004260578520
0.0000004785345600
0.0000004738800210
0.0000004444584360
0.0000004305034620
0.0000005128890730
0.0000004270775660
0.0000004390188910
0.0000004317743110
0.0000004806225320
0.0000004524261210
0.0000004829721550
0.0000004598303180
0.0000004078079880
0.0000004142892460
0.0000004841802480
0.0000004444698900
0.0000004997911560
0.0000004872065920
0.0000004273988170
0.0000004518467450
0.0000003839049330
0.0000004877729790
0.0000004464001220
0.0000004366478090
0.0000004687005340
0.0000004561011050
0.0000004501094960
0.0000004427965910
0.0000004290707240
0.0000004680875070
0.0000004266817370
0.0000004397250280
0.0000003712649460
0.0000004822148300
0.0000004609397590
0.0000004780663400
0.0000004638012850
0.0000004031649610
0.0000004546786840
0.0000004603828930
0.0000004617117210
0.0000004443616040
0.0000004616950090
0.0000004640926080
0.0000004577655940
0.0000005053070140
0.0000004446045810
0.0000004365701900
0.0000004727441760
0.0000003751075610
0.0000004247963550
0.0000004484544720
0.0000004553523920
0.0000004587256230
0.0000004682457870
0.0000004478074230
0.0000004639584010
0.0000004761653260
0.0000004357158900
0.0000004227461830
0.0000004336559980
0.0000004027298810
0.0000003682224590
0.0000004395550950
0.0000004842818270
0.0000004331179470
0.0000004423842480
0.0000004768371010
0.0000004154754270
0.0000004108160280
0.0000004334085590
0.0000004495636010
0.0000004111869880
0.0000004217553740
0.0000003978621520
0.0000004235482150
0.0000004374592210
0.0000004807867530
0.0000003741031380
0.0000004692848850
0.0000003146544710
0.0000004750641840
0.0000004297818350
0.0000004023534930
0.0000003842487790
0.0000004004148760
0.0000004343735900
0.0000004467078160
0.0000004228884340
0.0000004450607780
0.0000004274552910
0.0000004052075160
0.0000004494971220
0.0000004637291230
0.0000004323187280
0.0000004015180930
0.0000004485665950
0.0000004831294400
0.0000004807627650
0.0000004918101690
0.0000004212255080
0.0000003961476980
0.0000004523913330
0.0000004545087790
0.0000004478301610
0.0000004268571560
0.0000004813739450
0.0000004267487840
0.0000004314178740
0.0000004360043700
0.0000004290077410
0.0000004316870560
0.0000003943938790
0.0000004213004840
0.0000004500005280
0.0000003841376210
0.0000004136714150
0.0000004361412780
0.0000004309570160
0.0000004483648870
0.0000004456830990
0.0000004530729430
0.0000004687851170
0.0000004668110310
0.0000004210045860
0.0000003977994250
0.0000004529558740
0.0000004404244580
0.0000004517930850
0.0000004165887620
0.0000004462544330
0.0000004008985570
0.0000004395753880
0.0000004155256760
0.0000004557026900
0.0000004155180310
0.0000003817775390
0.0000004354106690
0.0000004278031160
0.0000004225305470
0.0000004203790520
0.0000003844201330
0.0000004529726710
0.0000003638276380
0.0000004483100330
0.0000003900947260
0.0000004454405770
0.0000004257641990
0.0000004153214660
0.0000004401650810
0.0000003986602910
0.0000004356548120
0.0000004073993410
0.0000004657890710
0.0000004101001420
0.0000004106824180
0.0000004240811220
0.0000004027120610
0.0000004385732380
0.0000004177041720
0.0000004089421280
0.0000004370391200
0.0000003991505650
0.0000004607628630
0.0000003596692300
0.0000004909086900
0.0000003873293790
0.0000004490871110
0.0000003834598200
0.0000004441322400
0.0000004325927990
0.0000004314000820
0.0000003933714940
0.0000004353406100
0.0000004263355890
0.0000004097680910
0.0000004237222410
0.0000004016089010
0.0000004641300110
0.0000003966954690
0.0000004606892790
0.0000003957227650
0.0000004130526180
0.0000004046318910
0.0000004304041570
0.0000004521709800
0.0000004248452970
0.0000003747038310
0.0000004192096130
0.0000004115249510
0.0000004324112690
0.0000004079747670
0.0000004320855850
0.0000004027300520
0.0000004200207680
0.0000004069001420
0.0000003987327660
0.0000004596338100
0.0000003597367030
0.0000004466620570
0.0000003949431570
0.0000004072546740
0.0000004333163300
0.0000003927409580
0.0000004506893560
0.0000003763327070
0.0000004712303510
0.0000003503560320
0.0000004261465280
0.0000004083894400
0.0000004204610210
0.0000004911086080
0.0000003400032540
0.0000004813524580
0.0000003653925380
0.0000004005169100
0.0000004474495940
0.0000003822189290
0.0000004303675210
0.0000003560775780
0.0000004346537710
0.0000004027164380
0.0000004105889670
0.0000004759677380
0.0000003603254020
0.0000004929388520
0.0000003460631600
0.0000005057852380
0.0000003627266950
0.0000004011722870
0.0000004564871570
0.0000003687894720
0.0000004636664240
0.0000003857250870
0.0000004239007300
0.0000004356483880
0.0000003941860600
0.0000004591962860
0.0000003406252060
0.0000004587681420
0.0000003581684500
0.0000004604406170
0.0000004127415710
0.0000003741025130
0.0000004540305270
0.0000003689255830
0.0000004225700540
0.0000004130429550
0.0000004062412700
0.0000004140484290
0.0000003857485350
0.0000004592332630
0.0000003559933080
0.0000004693975480
0.0000003740635180
0.0000004131663900
0.0000004020882900
0.0000003944566630
0.0000003981666050
0.0000004271376500
0.0000003588151000
0.0000004401763930
0.0000003833366970
0.0000004358691110
0.0000004022902830
0.0000004309517860
0.0000004033081210
0.0000004328645960
0.0000003973044330
0.0000003833949900
0.0000004326998920
0.0000003505405460
0.0000004623915400
0.0000003667590530
0.0000004116934920
0.0000004145604750
0.0000003344402160
0.0000004512447160
0.0000003735092660
0.0000004590911260
0.0000003660194640
0.0000004135792150
0.0000003932627810
0.0000004298532020
0.0000003815661100
0.0000004181841580
0.0000003938426400
0.0000004267087950
0.0000003654238870
0.0000004169210970
0.0000003905511220
0.0000004156199220
0.0000004091274950
0.0000003958450630
0.0000004037796090
0.0000003737629580
0.0000004192362720
0.0000004005162850
0.0000003775578820
0.0000004472725270
0.0000003828025400
0.0000004180260190
0.0000003963197630
0.0000003939248070
0.0000004413142280
0.0000004449620410
0.0000003508520480
0.0000004165455610
0.0000004203693610
0.0000004416576760
0.0000003650202700
0.0000003819761790
0.0000004065433930
0.0000003962607020
0.0000004195165390
0.0000003760342220
0.0000004056812200
0.0000003934278820
0.0000004200730640
0.0000003975883090
0.0000004405366950
0.0000003514329020
0.0000004218661050
0.0000004050414760
0.0000004323986790
0.0000004243549650
0.0000003501081660
0.0000004023028170
0.0000003803480410
0.0000003770481670
0.0000004459080000
0.0000003740526320
0.0000004066146460
0.0000003886306960
0.0000004058518360
0.0000003725285180
0.0000003792444260
0.0000003231831440
0.0000003862533900
0.0000003655774490
0.0000004238511340
0.0000003965097050
0.0000003582050570
0.0000003750216420
0.0000004435992200
0.0000004126281970
0.0000004229514730
0.0000003948601090
0.0000003734175490
0.0000003929571900
0.0000004364044630
0.0000003544582800
0.0000004233044710
0.0000003717870530
0.0000003846242580
0.0000003778893640
0.0000004150055870
0.0000003628166780
0.0000003650805240
0.0000003962454970
0.0000003346935100
0.0000004016346510
0.0000003853076860
0.0000003800690540
0.0000004587967060
0.0000003701024130
0.0000003835752980
0.0000004330063350
0.0000003985382760
0.0000004172513570
0.0000003899787370
0.0000004106746020
0.0000003634271760
0.0000004166811890
0.0000003939448160
0.0000003982573840
0.0000004259423750
0.0000003724383360
0.0000004141973020
0.0000003482489890
0.0000003755256730
0.0000003926602400
0.0000003877917720
0.0000003963947960
0.0000004409315580
0.0000004141435000
0.0000004409412210
0.0000004144526710
0.0000003838414390
0.0000003902945880
0.0000003784863340
0.0000004530124610
0.0000003826963280
0.0000003740817650
0.0000004145615830
0.0000003936447400
0.0000003819397990
0.0000004219510570
0.0000003666987710
0.0000004100804180
0.0000003580394430
0.0000003625778790
0.0000003992229840
0.0000003766398320
0.0000003980699720
0.0000003918154900
0.0000003814150770
0.0000003854514150
0.0000003426793000
0.0000003826800710
0.0000003798739390
0.0000003885651550
0.0000003927773380
0.0000004016232820
0.0000003983026030
0.0000003740707090
0.0000004174077050
0.0000003911998190
0.0000003628023530
0.0000003870042630
0.0000003827286430
0.0000003628713610
0.0000003854771080
0.0000003971810260
0.0000003666993680
0.0000003932814250
0.0000003625243320
0.0000003848937240
0.0000004034425840
0.0000003712066250
0.0000003817875720
0.0000003585053320
0.0000004152697950
0.0000004114274650
0.0000003656568880
0.0000003781306650
0.0000003782980120
0.0000003904796980
0.0000003675568220
0.0000003884813110
0.0000003844407390
0.0000003966777630
0.0000003786273060
0.0000003808011400
0.0000004006062970
0.0000003773746190
0.0000003881422970
0.0000003928593060
0.0000003857076930
0.0000004102135450
0.0000003554465310
0.0000003663888890
0.0000003853498640
0.0000004127008990
0.0000004139968150
0.0000003472968900
0.0000003649135460
0.0000004041964700
0.0000003754396400
0.0000004002707210
0.0000003506250150
0.0000003838413820
0.0000003689532090
0.0000003727170960
0.0000003939082380
0.0000003733887300
0.0000003548615550
0.0000003667590530
0.0000003781819660
0.0000003900510420
0.0000003673337970
0.0000003698429230
0.0000003986519060
0.0000003908814390
0.0000003797632080
0.0000003884032650
0.0000003728166290
0.0000003944776670
0.0000003712060850
0.0000003995066890
0.0000003807979850
0.0000003854426040
0.0000003820512400
0.0000003691309300
0.0000003884341600
0.0000003690609280
0.0000003871635100
0.0000003723794750
0.0000003831537750
0.0000004000520160
0.0000003792036410
0.0000003904403910
0.0000003725316730
0.0000003773147630
0.0000003800179230
0.0000003847254110
0.0000003745941510
0.0000003792069950
0.0000003734843690
0.0000003789713500
0.0000003800246020
0.0000003898492200
0.0000003830215290
0.0000003685968010
0.0000003753787890
0.0000003715561830
0.0000003789042750
0.0000003617697640
0.0000003716124580
0.0000003798880070
0.0000003850143740
0.0000003810170880
0.0000003680292760
0.0000003713689690
0.0000003705944210
0.0000003805710380
0.0000003879800940
0.0000003783827650
0.0000003789257330
0.0000003654186860
0.0000003682718840
0.0000003734369050
0.0000003664995350
0.0000003767268880
0.0000003781187840
0.0000003775562330
0.0000003672037960
0.0000003618579290
0.0000003612651940
0.0000003670004110
0.0000004028038350
0.0000003809704200
0.0000003868456420
0.0000003687644890
0.0000003799909510
0.0000003798775480
0.0000003793199140
0.0000003836367450
0.0000003691246490
0.0000003897653470
0.0000003704205650
0.0000003729529400
0.0000003719000290
0.0000003623343900
0.0000003737582970
0.0000003689726210
0.0000003684399990
0.0000003736669780
0.0000003746735620
0.0000003843664160
0.0000003597783970
0.0000003764752420
0.0000003779244930
0.0000003680796110
0.0000003650657450
0.0000003578501260
0.0000003679089960
0.0000003749536010
0.0000003756047990
0.0000003533895100
0.0000003760528390
0.0000003847026160
0.0000003947689890
0.0000003857152250
0.0000003645872080
0.0000003753963260
0.0000003637518940
0.0000003784751360
0.0000003705337410
0.0000003701360640
0.0000003561391110
0.0000003699778400
0.0000003643774850
0.0000003777519170
0.0000003602215200
0.0000003769042960
0.0000003648028160
0.0000003552578390
0.0000003807511180
0.0000003553547570
0.0000003686600960
0.0000003747119310
0.0000003650453380
0.0000003770896340
0.0000003508196470
0.0000003749068750
0.0000003683462350
0.0000003690649920
0.0000003762638700
0.0000003837912170
0.0000003585071790
0.0000003742428310
0.0000003763554160
0.0000003781131000
0.0000003689916350
0.0000003498544740
0.0000003961613120
0.0000003236975770
0.0000004106716740
0.0000003440875100
0.0000003911444820
0.0000003493073280
0.0000003743637080
0.0000003760798110
0.0000003682512220
0.0000003788458120
0.0000003592834330
0.0000003605090060
0.0000003976841750
0.0000003485369290
0.0000004361515380
0.0000003087990020
0.0000004134606680
0.0000003211654870
0.0000003854999870
0.0000003710777610
0.0000003502096040
0.0000004261431170
0.0000003232433130
0.0000004418222940
0.0000003112400290
0.0000004158596310
0.0000003686357100
0.0000003257254660
0.0000004419871970
0.0000002699049730
0.0000004902926780
0.0000002637395650
0.0000004490252370
0.0000003106479200
0.0000004005450190
0.0000003526999420
0.0000003411442440
0.0000003957463260
0.0000003397294390
0.0000004059724860
0.0000003602355320
0.0000003444634440
0.0000003734245980
0.0000003359716910
0.0000004038152780
0.0000003633637680
0.0000003381384490
0.0000004212582780
0.0000002992430270
0.0000004219120340
0.0000003314884790
0.0000003649960550
0.0000004412160880
0.0000002784529160
0.0000005710107870
0.0000001756226450
0.0000006393045740
0.0000001765473030
0.0000005630693070
0.0000002801287450
0.0000004094024180
0.0000004535569360
0.0000002481846480
0.0000005798449370
0.0000002039188160
0.0000005280587060
0.0000003045502690
0.0000003536474370
0.0000004859258520
0.0000002327458760
0.0000005313381170
0.0000002504887960
0.0000004119185920
0.0000003722340130
0.0000003036242900
0.0000004907320770
0.0000002814103650
0.0000005457396810
0.0000003716664310
0.0000004491510880
0.0000004996373950
0.0000002319775660
0.0000006288759660
0.0000001788277330
0.0000005929834400
0.0000003251397230
0.0000004775710070
0.0000004539325570
0.0000002438750930
0.0000006024308730
0.0000001747740160
0.0000005731499750
0.0000002809389060
0.0000004246028880
0.0000003880975330
0.0000003611502280
0.0000003979576770
0.0000003309397130
0.0000003617429060
0.0000004273768470
0.0000002531220100
0.0000005462372880
0.0000002226192210
0.0000005010408590
0.0000003538918070
0.0000003432171520
0.0000005668313750
0.0000001531644930
0.0000006867350630
0.0000001955567370
0.0000004346291290
0.0000004198323610
0.0000002157338060
0.0000006791166240
0.0000001291933390
0.0000007099902750
0.0000001518641280
0.0000006412978450
0.0000002253099180
0.0000004650692630
0.0000003647008380
0.0000003173566650
0.0000004262738860
0.0000003055034770
0.0000004240510240
0.0000003267834930
0.0000003413774150
0.0000004000108050
0.0000003775798800
0.0000003309382920
0.0000004741211510
0.0000002271842450
0.0000005563489940
0.0000002408224300
0.0000004288893650
0.0000004036749890
0.0000002894154530
0.0000006423689460
0.0000001416731980
0.0000007375391530
0.0000001469230280
0.0000005358328390
0.0000004059463950
0.0000002893683590
0.0000006318275040
0.0000001696986090
0.0000006559641860
0.0000001753353730
0.0000004988768300
0.0000003589104550
0.0000002770910330
0.0000005558389380
0.0000001886722880
0.0000005693519820
0.0000002242961870
0.0000004223034300
0.0000003625621050
0.0000003080094760
0.0000004609299250
0.0000003311097030
0.0000004790172740
0.0000004055273450
0.0000003068928440
0.0000005462161990
0.0000002012875200
0.0000005653721470
0.0000002534370940
0.0000005118697570
0.0000004126123090
0.0000003739469610
0.0000005265621890
0.0000002306755680
0.0000005399101040
0.0000002579733120
0.0000004088898610
0.0000003563201290
0.0000003731016140
0.0000003330206650
0.0000004097138910
0.0000002447895610
0.0000005601671660
0.0000001570046350
0.0000006538691080
0.0000001557964990
0.0000005983184790
0.0000002302366650
0.0000004223914800
0.0000004191140310
0.0000002091262990
0.0000006411627280
0.0000002125174630
0.0000006185724710
0.0000002970674300
0.0000003091663530
0.0000006451595030
0.0000001120505570
0.0000007848245780
0.0000001161856670
0.0000006338420920
0.0000002259011890
0.0000004593510140
0.0000004075372150
0.0000002690563010
0.0000004838213390
0.0000002373580800
0.0000004798369560
0.0000002824684770
0.0000003992549860
0.0000003460004900
0.0000003513956980
0.0000003392520970
0.0000004139655800
0.0000002519384450
0.0000005322209520
0.0000002128295480
0.0000004551262120
0.0000003139868740
0.0000003244041120
0.0000004438014400
0.0000002305227010
0.0000005080158300
0.0000002358481340
0.0000004738629400
0.0000002839739470
0.0000004259029540
0.0000003505381870
0.0000003956523930
0.0000004144341400
0.0000003381700820
0.0000004567048960
0.0000003063315150
0.0000003675021670
0.0000004020025130
0.0000002709018360
0.0000006053103330
0.0000001593637790
0.0000006783299110
0.0000001566790930
0.0000005462612760
0.0000003064960200
0.0000003146589620
0.0000004795177800
0.0000002148729270
0.0000004980294650
0.0000002695894640
0.0000003880486470
0.0000003396811790
0.0000003762987150
0.0000002948035560
0.0000004610456020
0.0000002451766080
0.0000004529426580
0.0000003028950460
0.0000003737617360
0.0000003780445470
0.0000003354562350
0.0000003975699490
0.0000003246322250
0.0000004314711930
0.0000002392615950
0.0000005652772190
0.0000001447580620
0.0000006960605110
0.0000001700756660
0.0000006178638610
0.0000003802805400
0.0000003616660250
0.0000005931908050
0.0000001699976200
0.0000006061264340
0.0000002160516030
0.0000004274075710
0.0000003846363940
0.0000002763764260
0.0000004537110950
0.0000002746805310
0.0000004011146190
0.0000003478975830
0.0000003218375470
0.0000004074674960
0.0000003143914570
0.0000004082807270
0.0000003851465640
0.0000003250473240
0.0000004710114750
0.0000002246286780
0.0000005759289930
0.0000001639419050
0.0000005782399630
0.0000002320266790
0.0000004504574920
0.0000004175074650
0.0000002448283280
0.0000006733896490
0.0000000960509680
0.0000007813052880
0.0000001295728680
0.0000005579777280
0.0000003317270230
0.0000003288027700
0.0000004834922150
0.0000002217179680
0.0000005135361790
0.0000002433388320
0.0000004356013790
0.0000003251118700
0.0000003183007490
0.0000004109321590
0.0000002885306290
0.0000004201515080
0.0000003259979740
0.0000003167766920
0.0000004264297790
0.0000002650030240
0.0000004657151180
0.0000003270192220
0.0000003698923190
0.0000005029316980
0.0000001953324610
0.0000006504524210
0.0000001560878640
0.0000005554487070
0.0000002704157960
0.0000003859427980
0.0000004667996620
0.0000002679664990
0.0000005373128150
0.0000002171383930
0.0000004943519230
0.0000002629480490
0.0000004069166270
0.0000003083892750
0.0000003760128490
0.0000003197416450
0.0000003924393180
0.0000002857606200
0.0000004375787340
0.0000002521311730
0.0000004575756520
0.0000002724070780
0.0000004046366090
0.0000003532821610
0.0000003086593100
0.0000004396978000
0.0000002589229100
0.0000004568065320
0.0000002644713670
0.0000004088263380
0.0000003149035590
0.0000003567834600
0.0000003669385360
0.0000003106756880
0.0000003989929380
0.0000002941673930
0.0000003986509680
0.0000003111359210
0.0000003593368380
0.0000003575096340
0.0000003198908870
0.0000003848855100
0.0000003115710570
0.0000003772935320
0.0000003224272400
0.0000003633621470
0.0000003316181390
0.0000003617600440
0.0000003242334970
0.0000003700450290
0.0000003099029300
0.0000003916093760
0.0000003054171030
0.0000003813369740
0.0000003286953360
0.0000003516442180
0.0000003523111620
0.0000003294871360
0.0000003605218520
0.0000003308998940
0.0000003473163870
0.0000003541431970
0.0000003325885420
0.0000003583124340
0.0000003365073840
0.0000003473316210
0.0000003481770250
0.0000003375253640
0.0000003594549870
0.0000003375602940
0.0000003459040840
0.0000003544127480
0.0000003303704830
0.0000003549624810
0.0000003362674760
0.0000003481088130
0.0000003474443700
0.0000003405111220
0.0000003460900470
0.0000003455316180
0.0000003386506930
0.0000003531259550
0.0000003383239290
0.0000003487206750
0.0000003453444320
0.0000003385512170
0.0000003486326530
0.0000003402063840
0.0000003471875230
0.0000003440022170
0.0000003363102790
0.0000003506770270
0.0000003400988650
0.0000003426645780
0.0000003529522700
0.0000003311882890
0.0000003584641210
0.0000003339475260
0.0000003444350510
0.0000003495980250
0.0000003327621410
0.0000003557753980
0.0000003344719060
0.0000003437210980
0.0000003501341150
0.0000003338992660
0.0000003555028060
0.0000003343553490
0.0000003459870750
0.0000003431334510
0.0000003391637900
0.0000003467570200
0.0000003422627230
0.0000003423100740
0.0000003464666350
0.0000003402066110
0.0000003405209270
0.0000003446471620
0.0000003383019590
0.0000003485438360
0.0000003397528300
0.0000003439274960
0.0000003424259770
0.0000003416226950
0.0000003437692160
0.0000003427856830
0.0000003412055210
0.0000003435449680
0.0000003403080480
0.0000003417214600
0.0000003454909460
0.0000003387466450
0.0000003455966460
0.0000003401810030
0.0000003430585020
0.0000003431042330
0.0000003408664500
0.0000003443573750
0.0000003402444410
0.0000003439080840
0.0000003412621370
0.0000003415138110
0.0000003402522570
0.0000003429420870
0.0000003412094430
0.0000003440684680
0.0000003416108430
0.0000003426729340
0.0000003407676560
0.0000003420422270
0.0000003418791150
0.0000003416747920
0.0000003420209110
0.0000003421523330
0.0000003409898000
0.0000003420517490
0.0000003418644780
0.0000003402346350
0.0000003414902490
0.0000003418798540
0.0000003425406020
0.0000003419953320
0.0000003421693290
0.0000003429582020
0.0000003433952140
0.0000003427001620
0.0000003404327630
0.0000003423676280
0.0000003408147510
0.0000003407270980
0.0000003416943170
0.0000003403691270
0.0000003403526700
0.0000003409937790
0.0000003413319690
0.0000003424711680
0.0000003417094660
0.0000003412664280
0.0000003396992550
0.0000003406223930
0.0000003411804530
0.0000003421046980
0.0000003409549550
0.0000003402361700
0.0000003405624230
0.0000003412749550
0.0000003408092650
0.0000003411190620
0.0000003419532110
0.0000003405495760
0.0000003398281760
0.0000003416437550
0.0000003403472700
0.0000003413092320
0.0000003405702670
0.0000003387669660
0.0000003418229260
0.0000003408685530
0.0000003414910740
0.0000003399488830
0.0000003397649660
0.0000003399123050
0.0000003398644420
0.0000003406529170
0.0000003397840090
0.0000003399801190
0.0000003407137400
0.0000003399231050
0.0000003400383550
0.0000003399278800
0.0000003401167130
0.0000003396872330
0.0000003399289030
0.0000003407583050
0.0000003399467230
0.0000003397056790
0.0000003400124910
0.0000003394880250
0.0000003391559740
0.0000003397149440
0.0000003387202410
0.0000003407409110
0.0000003393587920
0.0000003409760440
0.0000003386288940
0.0000003406879900
0.0000003398120900
0.0000003404838370
0.0000003402148250
0.0000003388884120
0.0000003390557310
0.0000003400062950
0.0000003389828290
0.0000003402984700
0.0000003395104220
0.0000003396363580
0.0000003400078870
0.0000003402933830
0.0000003405585290
0.0000003389474160
0.0000003395835790
0.0000003390670140
0.0000003406776160
0.0000003392137840
0.0000003399496790
0.0000003395307150
0.0000003392525510
0.0000003400838860
0.0000003385621310
0.0000003395649630
0.0000003384689080
0.0000003393356000
0.0000003393864180
0.0000003394865190
0.0000003400462560
0.0000003395674920
0.0000003397295250
0.0000003390042880
0.0000003396041850
0.0000003389118890
0.0000003399254350
0.0000003385121370
0.0000003388512940
0.0000003398206450
0.0000003384068070
0.0000003399293580
0.0000003379768710
0.0000003382885440
0.0000003396422410
0.0000003374920820
0.0000003396351640
0.0000003380121140
0.0000003385858070
0.0000003387449110
0.0000003384734550
0.0000003392329690
0.0000003382005790
0.0000003381942120
0.0000003392897840
0.0000003385360970
0.0000003394007420
0.0000003389062900
0.0000003386875560
0.0000003386143420
0.0000003386149670
0.0000003389318980
0.0000003391648420
0.0000003383426020
0.0000003386338110
0.0000003384512870
0.0000003384351430
0.0000003397294960
0.0000003384565730
0.0000003386460040
0.0000003386162180
0.0000003398407390
0.0000003387179110
0.0000003386996070
0.0000003385222840
0.0000003376946150
0.0000003387995380
0.0000003382020850
0.0000003386771820
0.0000003382674830
0.0000003381633750
0.0000003380748130
0.0000003393002430
0.0000003391342600
0.0000003385407870
0.0000003382898800
0.0000003382246520
0.0000003380578450
0.0000003387507380
0.0000003381733790
0.0000003382455130
0.0000003379497000
0.0000003382335760
0.0000003379088300
0.0000003384974430
0.0000003380061170
0.0000003383470360
0.0000003377085140
0.0000003380788200
0.0000003383753720
0.0000003390296110
0.0000003375989190
0.0000003382531870
0.0000003379259970
0.0000003384586760
0.0000003383647140
0.0000003385473240
0.0000003381993000
0.0000003382445190
0.0000003379340400
0.0000003370719240
0.0000003377352870
0.0000003377564330
0.0000003380447990
0.0000003381914550
0.0000003375411670
0.0000003379606990
0.0000003382369300
0.0000003382799320
0.0000003379150540
0.0000003380110910
0.0000003382949670
0.0000003375707250
0.0000003382809270
0.0000003376814280
0.0000003377535050
0.0000003377770380
0.0000003382271250
0.0000003376407280
0.0000003383182730
0.0000003379110180
0.0000003381639430
0.0000003382992020
0.0000003379403490
0.0000003374622110
0.0000003382412500
0.0000003373638440
0.0000003376701440
0.0000003378888210
0.0000003375494090
0.0000003377639640
0.0000003379860800
0.0000003371837920
0.0000003378553400
0.0000003379504110
0.0000003380422410
0.0000003382613160
0.0000003374856020
0.0000003380766320
0.0000003377954560
0.0000003369302700
0.0000003380347100
0.0000003373801290
0.0000003379589660
0.0000003369227950
0.0000003374514110
0.0000003377218150
0.0000003377052740
0.0000003370173260
0.0000003376019610
0.0000003378951590
0.0000003375060660
0.0000003375297130
0.0000003375093340
0.0000003379947490
0.0000003371287110
0.0000003378650890
0.0000003370938090
0.0000003377164150
0.0000003373438910
0.0000003377342350
0.0000003382450020
0.0000003369762850
0.0000003378994220
0.0000003372149420
0.0000003372891510
0.0000003378429200
0.0000003373640420
0.0000003376635220
0.0000003374271670
0.0000003379976480
0.0000003373340860
0.0000003369224830
0.0000003377434720
0.0000003369767400
0.0000003377633110
0.0000003377232640
0.0000003376860040
0.0000003370732030
0.0000003379929580
0.0000003374177600
0.0000003379461190
0.0000003370699060
0.0000003375240280
0.0000003366815520
0.0000003370825820
0.0000003374797190
0.0000003378279130
0.0000003377745660
0.0000003377552670
0.0000003368529630
0.0000003376204060
0.0000003374652240
0.0000003369850390
0.0000003379753650
0.0000003370521710
0.0000003385998470
0.0000003374755690
0.0000003369172820
0.0000003378303860
0.0000003367338760
0.0000003383911460
0.0000003371283410
0.0000003376535180
0.0000003374290430
0.0000003369040090
0.0000003378555680