0.0000232312977000
0.0000252415466000
0.0000345615372000
0.0000501516188000
0.0000728259620000
0.0001116199640000
0.0001526874690000
0.0001924497480000
0.0002412441540000
0.0003375317900000
0.0004518642960000
0.0008035584470000
0.0016414255400000
0.0023110189900000
0.0030858290800000
0.0036779120600000
0.0026001178200000
0.0016918510700000
0.0009311916660000
0.0001211821510000
0.0000178270384000
0.0001453467560000
0.0010496780700000
0.0028017456600000
0.0049211299000000
0.0065657766500000
0.0074193300700000
0.0066173165100000
0.0038147131000000
0.0023378965000000
0.0045652412800000
0.0098453378300000
0.0125259832000000
0.0104543557000000
0.0058679143000000
0.0094689447400000
0.0310567729000000
0.0701178536000000
0.1128612460000000
0.1356325150000000
0.1252177210000000
0.0882493779000000
0.0534018837000000
0.0666146502000000
0.1779579970000000
0.4383178950000000
0.8499531740000000
1.3165198600000000
1.7035054000000000
1.8788101700000000
1.7741799400000000
1.4195970300000000
0.9231817120000000
0.4452205300000000
0.1326666330000000
0.0226612892000000
0.0399197787000000
0.0915349722000000
0.1210798990000000
0.1096893330000000
0.0702523291000000
0.0303611234000000
0.0107703554000000
0.0101741180000000
0.0151443789000000
0.0180195197000000
0.0178766195000000
0.0187768880000000
0.0221152212000000
0.0239179228000000
0.0187065080000000
0.0097810346600000
0.0031223618400000
0.0012572940900000
0.0032941929500000
0.0067300740600000
0.0082188900500000
0.0066768266300000
0.0046683899100000
0.0047400668300000
0.0047032395400000
0.0031141256900000
0.0017984799300000
0.0028665158900000
0.0069255414400000
0.0123885199000000
0.0166229531000000
0.0184028745000000
0.0188683458000000
0.0206012595000000
0.0256476402000000
0.0334303826000000
0.0415416434000000
0.0441454500000000
0.0376899540000000
0.0246037804000000
0.0122726997000000
0.0049764891200000
0.0032371683000000
0.0048419339600000
0.0071190153200000
0.0076356544200000
0.0056104734500000
0.0025009398800000
0.0004620304970000
0.0007856910230000
0.0027137640900000
0.0039562145200000
0.0036851812600000
0.0029913927400000
0.0024891730900000
0.0023096194500000
0.0024621419100000
0.0024173080500000
0.0017954430100000
0.0008531249480000
0.0004498052000000
0.0010950272000000
0.0019849988200000
0.0023929225300000
0.0025265666200000
0.0027570331000000
0.0028856946200000
0.0024440656400000
0.0017706605100000
0.0013715737700000
0.0011411372100000
0.0008864619890000
0.0007436645100000
0.0010068585400000
0.0016803236200000
0.0028379196300000
0.0043780109800000
0.0052569941600000
0.0043203486100000
0.0023124581200000
0.0015755505300000
0.0036077580900000
0.0079009085800000
0.0130962813000000
0.0176561456000000
0.0212852582000000
0.0270118341000000
0.0366570652000000
0.0490293317000000
0.0600052439000000
0.0628793910000000
0.0550748147000000
0.0395215340000000
0.0223023947000000
0.0090390909400000
0.0020198300500000
0.0006247236740000
0.0024018264400000
0.0048696077400000
0.0062572401900000
0.0059711784100000
0.0046204999100000
0.0030637311300000
0.0015306389000000
0.0005535910020000
0.0002826083510000
0.0005002435060000
0.0008733637510000
0.0012301428900000
0.0014064806700000
0.0012147453400000
0.0008536459060000
0.0004074633470000
0.0001856845340000
0.0003058219440000
0.0005206713100000
0.0005661199100000
0.0003850289500000
0.0001594114440000
0.0003197831970000
0.0008013212940000
0.0012727537000000
0.0012510654100000
0.0007228581230000
0.0001558892550000
0.0001011045900000
0.0007179930690000
0.0016993408800000
0.0027014662000000
0.0031969219000000
0.0026401223100000
0.0013152260800000
0.0001945739350000
0.0006947310180000
0.0043475534800000
0.0112359822000000
0.0197661687000000
0.0265265778000000
0.0283942334000000
0.0242787115000000
0.0161954798000000
0.0076813828200000
0.0019958424400000
0.0000370204652000
0.0005737110620000
0.0016003869200000
0.0018509615900000
0.0013211085500000
0.0006905926860000
0.0004479404020000
0.0005408439900000
0.0006218403580000
0.0005346667600000
0.0003891298260000
0.0003523994820000
0.0004688516780000
0.0005557198310000
0.0004980803350000
0.0003483984910000
0.0001606246660000
0.0000880591979000
0.0000850904616000
0.0000777876921000
0.0000905473498000
0.0001451657440000
0.0002683830680000
0.0003960901810000
0.0003874969550000
0.0002452423210000
0.0000976625306000
0.0001132216350000
0.0002471662300000
0.0003136992450000
0.0001949926950000
0.0000850262076000
0.0004147755680000
0.0015050104100000
0.0031921214000000
0.0047258525200000
0.0054550734300000
0.0050496668600000
0.0040749665300000
0.0034729102600000
0.0038334110300000
0.0050176670800000
0.0062150582700000
0.0065995962400000
0.0057076825800000
0.0040224483200000
0.0022741786700000
0.0010143815300000
0.0004226558380000
0.0002417774520000
0.0002319796190000
0.0002408034050000
0.0002686922670000
0.0003078319130000
0.0003415021930000
0.0003015145780000
0.0002186895870000
0.0001490282450000
0.0001779778100000
0.0002430032760000
0.0003005085450000
0.0002989626960000
0.0002227827210000
0.0001259099080000
0.0000697494833000
0.0000593711666000
0.0000741735930000
0.0001014591830000
0.0001084796390000
0.0001008135220000
0.0000786892414000
0.0000668427965000
0.0000459605471000
0.0000486174977000
0.0000715616916000
0.0000767526798000
0.0000541041554000
0.0000229657562000
0.0000029472394100
0.0000035224848000
0.0000378145342000
0.0001620675610000
0.0004682989970000
0.0009841668650000
0.0015386749300000
0.0018119639700000
0.0015678646700000
0.0009929778750000
0.0009043348840000
0.0021228976500000
0.0050824047100000
0.0090830726500000
0.0124281580000000
0.0134693915000000
0.0115404986000000
0.0076427431800000
0.0035201537000000
0.0008139582930000
0.0000928189256000
0.0007047989630000
0.0014492562000000
0.0015961460300000
0.0011268220800000
0.0005577724660000
0.0004524526590000
0.0007424103090000
0.0010220571400000
0.0010090471500000
0.0007229860630000
0.0003942419720000
0.0002769935530000
0.0003995466980000
0.0006099494060000
0.0007191854530000
0.0005718363680000
0.0003019432480000
0.0001249004710000
0.0001079701110000
0.0002370877770000
0.0004218892720000
0.0005156559050000
0.0005529637560000
0.0005195922570000
0.0003714275660000
0.0002579865400000
0.0002307875400000
0.0002330303250000
0.0002646331270000
0.0002313717410000
0.0002178141440000
0.0003277971120000
0.0005954752560000
0.0010904449700000
0.0014657465500000
0.0012730530000000
0.0005826871490000
0.0000187603709000
0.0006473913670000
0.0031869676900000
0.0070126834300000
0.0105112987000000
0.0117350491000000
0.0100473808000000
0.0064209313100000
0.0028446083900000
0.0008909985190000
0.0006498796280000
0.0011077185600000
0.0012100602000000
0.0007435107250000
0.0002538723640000
0.0003127114320000
0.0008620762380000
0.0013135438800000
0.0012099186400000
0.0006714245530000
0.0001609590840000
0.0000049252453200
0.0001470078420000
0.0002808703280000
0.0002335113820000
0.0000972927082000
0.0000291631113000
0.0000463153665000
0.0000538706045000
0.0000304900168000
0.0001225665910000
0.0004678843830000
0.0009802364510000
0.0013189403100000
0.0012181119500000
0.0007367004870000
0.0002660001340000
0.0001167071530000
0.0002986204050000
0.0005077918180000
0.0004935887990000
0.0002578486160000
0.0000521603979000
0.0000859720603000
0.0003176959870000
0.0005568256600000
0.0006040465670000
0.0004152170730000
0.0002337088520000
0.0005037621590000
0.0019494050600000
0.0052544693500000
0.0106742829000000
0.0175338537000000
0.0242547654000000
0.0287979878000000
0.0295666289000000
0.0265817475000000
0.0207409002000000
0.0142158000000000
0.0086065679700000
0.0047629736400000
0.0025908725800000
0.0015738298000000
0.0010945720100000
0.0008108134500000
0.0005915914660000
0.0004391942930000
0.0003713991320000
0.0003615903260000
0.0003779107940000
0.0003813166990000
0.0003613732990000
0.0003284568670000
0.0002812327000000
0.0002164318280000
0.0001345450440000
0.0000614170785000
0.0000183480679000
0.0000068677882200
0.0000047204175600
0.0000017675772600
0.0000315621619000
0.0001482976660000
0.0003721341490000
0.0005971318460000
0.0006869991190000
0.0005543316370000
0.0002685162470000
0.0000389978522000
0.0000243464310000
0.0002086401510000
0.0004051588480000
0.0004481860670000
0.0003226773110000
0.0001791701650000
0.0001514045730000
0.0002450747120000
0.0003352616040000
0.0003038613360000
0.0001903004160000
0.0000990588960000
0.0001101315940000
0.0001790495150000
0.0001825462100000
0.0000982815618000
0.0000191774652000
0.0000810697092000
0.0003192149450000
0.0006091924730000
0.0007722985470000
0.0007132986790000
0.0004785388300000
0.0002261387560000
0.0000632447409000
0.0000089962040800
0.0000202513165000
0.0000450805783000
0.0000610752759000
0.0000719870222000
0.0000730271203000
0.0000525289834000
0.0000186451562000
0.0000003919595030
0.0000128043257000
0.0000453966859000
0.0000624843015000
0.0000437944655000
0.0000134656657000
0.0000060487086600
0.0000419823591000
0.0000921677928000
0.0001114031260000
0.0000772827916000
0.0000248941324000
0.0000000008274667
0.0000228721819000
0.0000644503525000
0.0000799713889000
0.0000522954397000
0.0000156805090000
0.0000060038542000
0.0000368234869000
0.0000800663984000
0.0000923392726000
0.0000636158293000
0.0000240914396000
0.0000074477970800
0.0000226800275000
0.0000437796007000
0.0000453068824000
0.0000337575948000
0.0000441811062000
0.0001033500960000
0.0001977098440000
0.0002691825210000
0.0002761780340000
0.0002081018470000
0.0001117445790000
0.0000421416662000
0.0000281110661000
0.0000540011533000
0.0000803381553000
0.0000782819915000
0.0000529788122000
0.0000239830151000
0.0000161568205000
0.0000299953863000
0.0000458820614000
0.0000456995294000
0.0000282760466000
0.0000084155662900
0.0000001197245610
0.0000091760621200
0.0000269325701000
0.0000397499498000
0.0000402269434000
0.0000290160442000
0.0000163224049000
0.0000130742947000
0.0000159060983000
0.0000208031070000
0.0000237480817000
0.0000230377445000
0.0000201679504000
0.0000205297947000
0.0000230040987000
0.0000213421317000
0.0000178270420000
0.0000116903693000
0.0000089505392700
0.0000135085938000
0.0000252120153000
0.0000429127322000
0.0000531546393000
0.0000561721790000
0.0000552674865000
0.0000431983826000
0.0000302917197000
0.0000187227506000
0.0000089881141300
0.0000131992483000
0.0000244815383000
0.0000333409516000
0.0000390174500000
0.0000322869892000
0.0000157910763000
0.0000041703642600
0.0000024235864700
0.0000081605639900
0.0000131016623000
0.0000155662001000
0.0000132459800000
0.0000084932116800
0.0000116609381000
0.0000170071617000
0.0000194742297000
0.0000211087408000
0.0000223023198000
0.0000201707917000
0.0000178938899000
0.0000177303154000
0.0000182597651000
0.0000178839964000
0.0000168061615000
0.0000165973797000
0.0000172552482000
0.0000158187231000
0.0000173494882000
0.0000213358235000
0.0000225047406000
0.0000189930524000
0.0000131101533000
0.0000092044092500
0.0000099030639800
0.0000128047768000
0.0000150332662000
0.0000128633237000
0.0000069691223000
0.0000043718991900
0.0000096475396300
0.0000227855162000
0.0000335518089000
0.0000350921364000
0.0000262505037000
0.0000153605433000
0.0000092612381100
0.0000097392521600
0.0000130923836000
0.0000140285911000
0.0000096905932800
0.0000081209454900
0.0000104740093000
0.0000201060793000
0.0000321954140000
0.0000505998396000
0.0000819181368000
0.0001304089090000
0.0001804564090000
0.0002116565880000
0.0002057047390000
0.0001569673040000
0.0000875982150000
0.0000303776160000
0.0000026794828000
0.0000038229341000
0.0000155727012000
0.0000204033458000
0.0000166969930000
0.0000123365808000
0.0000122533665000
0.0000165588881000
0.0000196886667000
0.0000172070922000
0.0000109907060000
0.0000062068420400
0.0000069360353300
0.0000127048734000
0.0000178598802000
0.0000177867587000
0.0000130080089000
0.0000065712579300
0.0000037288718900
0.0000068592125900
0.0000150167634000
0.0000237055392000
0.0000243123377000
0.0000185508416000
0.0000084326793500
0.0000023516877300
0.0000002662014820
0.0000044378125500
0.0000117172704000
0.0000221642404000
0.0000394101335000
0.0000598241131000
0.0000826262694000
0.0001015833770000
0.0001103608520000
0.0001131264940000
0.0001053740120000
0.0000930342358000
0.0000725333884000
0.0000466008569000
0.0000219543454000
0.0000073780524800
0.0000115580278000
0.0000353076357000
0.0000720034295000
0.0000960610850000
0.0000966262086000
0.0000733068009000
0.0000396513024000
0.0000157698232000
0.0000122414003000
0.0000245283609000
0.0000406754807000
0.0000427728373000
0.0000311859403000
0.0000148444642000
0.0000063467628000
0.0000105366771000
0.0000223695915000
0.0000338613572000
0.0000337064812000
0.0000256063540000
0.0000152210896000
0.0000119265069000
0.0000139524882000
0.0000184704459000
0.0000198383459000
0.0000161361331000
0.0000110733054000
0.0000100811485000
0.0000137342213000
0.0000186572597000
0.0000190658520000
0.0000139846816000
0.0000088751976300
0.0000103838884000
0.0000198859143000
0.0000301485161000
0.0000320582185000
0.0000191882355000
0.0000046026712000
0.0000007316132260
0.0000148812424000
0.0000390254354000
0.0000548920507000
0.0000486359750000
0.0000292767490000
0.0000196369947000
0.0000379203120000
0.0000779975453000
0.0001120775410000
0.0001153073390000
0.0000870150324000
0.0000618869599000
0.0000758228779000
0.0001511017040000
0.0002812386080000
0.0004396264560000
0.0006032889940000
0.0007511595030000
0.0008556192040000
0.0008863906840000
0.0008146870530000
0.0006472533560000
0.0004295212270000
0.0002247197260000
0.0000934486815000
0.0000448828105000
0.0000463404067000
0.0000535063919000
0.0000463800279000
0.0000272608086000
0.0000187416445000
0.0000285330480000
0.0000476242822000
0.0000593769182000
0.0000548786993000
0.0000412061927000
0.0000279129981000
0.0000209026730000
0.0000223265979000
0.0000266106017000
0.0000317559861000
0.0000343797037000
0.0000336693192000
0.0000289964264000
0.0000252987902000
0.0000271207227000
0.0000385820385000
0.0000547226591000
0.0000670574373000
0.0000665398620000
0.0000518724155000
0.0000289135351000
0.0000096250332700
0.0000017645978700
0.0000040046720600
0.0000108743179000
0.0000167500839000
0.0000183445281000
0.0000163711829000
0.0000132782079000
0.0000124791504000
0.0000140669299000
0.0000186342477000
0.0000227239871000
0.0000251550682000
0.0000275764833000
0.0000338409700000
0.0000458869436000
0.0000615181925000
0.0000691606983000
0.0000615490499000
0.0000414305287000
0.0000178771297000
0.0000033684343600
0.0000016395712200
0.0000074336485300
0.0000119916904000
0.0000097075007900
0.0000039033675400
0.0000015313647700
0.0000044052835600
0.0000092783147900
0.0000110073743000
0.0000076578744500
0.0000037769598300
0.0000035086729900
0.0000079890351100
0.0000140328775000
0.0000160310028000
0.0000126904952000
0.0000072509969800
0.0000033288479200
0.0000032791722300
0.0000068450503900
0.0000116111578000
0.0000149099797000
0.0000159386800000
0.0000146953253000
0.0000104767496000
0.0000062647786800
0.0000032750374400
0.0000032420373400
0.0000060408451600
0.0000103725961000
0.0000137583338000
0.0000155207617000
0.0000132376827000
0.0000091755810000
0.0000068496224200
0.0000058085947800
0.0000061283062700
0.0000073407632000
0.0000079210249200
0.0000085047304300
0.0000117774862000
0.0000158384482000
0.0000192876505000
0.0000179072085000
0.0000105764984000
0.0000022782101000
0.0000007543664540
0.0000115562616000
0.0000315758880000
0.0000536958833000
0.0000666307241000
0.0000663797837000
0.0000579541920000
0.0000461418822000
0.0000340105107000
0.0000248160668000
0.0000180554289000
0.0000132010491000
0.0000101244004000
0.0000085031160700
0.0000060456059100
0.0000036329945500
0.0000041367548000
0.0000081697580700
0.0000130220769000
0.0000149033249000
0.0000110797209000
0.0000055182808900
0.0000047537791900
0.0000120964205000
0.0000207692410000
0.0000230877740000
0.0000158875046000
0.0000049774598700
0.0000018406036600
0.0000103819948000
0.0000237072982000
0.0000306359834000
0.0000250234261000
0.0000128028723000
0.0000046394216000
0.0000053498365600
0.0000117878044000
0.0000170162857000
0.0000168017486000
0.0000131597717000
0.0000106493917000
0.0000109575813000
0.0000107516025000
0.0000087974640300
0.0000058549762800
0.0000061941668700
0.0000098841155700
0.0000141533083000
0.0000153619785000
0.0000136894068000
0.0000112895304000
0.0000107449205000
0.0000102950089000
0.0000093785629300
0.0000096201547400
0.0000162339384000
0.0000331075535000
0.0000543828864000
0.0000684615297000
0.0000668138309000
0.0000486963618000
0.0000246820982000
0.0000071544473000
0.0000004445307410
0.0000018550188100
0.0000057111788000
0.0000079834853800
0.0000096317826300
0.0000106633670000
0.0000095376808500
0.0000062438621200
0.0000025925151000
0.0000013603196300
0.0000040558943500
0.0000079734691100
0.0000101710857000
0.0000094622300800
0.0000076420838000
0.0000077342847400
0.0000093116505000
0.0000099873159300
0.0000086648087700
0.0000060702782300
0.0000050790790700
0.0000066341808600
0.0000089469567600
0.0000093717217100
0.0000079218170900
0.0000067969394900
0.0000073746705300
0.0000095332507000
0.0000106574289000
0.0000092899854200
0.0000063234438100
0.0000041327039100
0.0000047763633100
0.0000069552756900
0.0000082377100600
0.0000080463423700
0.0000068822205300
0.0000061129530900
0.0000068171657400
0.0000073209089300
0.0000066957604700
0.0000057548127200
0.0000053803228200
0.0000064693636000
0.0000081295893300
0.0000085164110700
0.0000078319462700
0.0000070485252700
0.0000063093157200
0.0000061355572100
0.0000061665855400
0.0000057539164100
0.0000055651585200
0.0000067828273100
0.0000084127505000
0.0000086247155100
0.0000083421327900
0.0000074124072800
0.0000070389860400
0.0000075445664100
0.0000079405299400
0.0000070053060800
0.0000055430700700
0.0000058915070400
0.0000080027894000
0.0000107851156000
0.0000121624525000
0.0000107588157000
0.0000078948705800
0.0000062004419300
0.0000069139741800
0.0000081624621100
0.0000089475324700
0.0000082700835300
0.0000069550460500
0.0000070416708700
0.0000078222228700
0.0000084992889200
0.0000082357783000
0.0000072537854900
0.0000079226229000
0.0000101742444000
0.0000105481713000
0.0000090666662700
0.0000058797668300
0.0000040230133900
0.0000060209031300
0.0000105111740000
0.0000137589195000
0.0000132381565000
0.0000093013204600
0.0000063678348900
0.0000059651042600
0.0000072022435200
0.0000078230905300
0.0000059618851100
0.0000042338665500
0.0000048577671800
0.0000073645578600
0.0000108283339000
0.0000119045926000
0.0000093664230000
0.0000079976252900
0.0000082084443400
0.0000095991463200
0.0000119147317000
0.0000112660045000
0.0000087026146500
0.0000062159774600
0.0000032704231200
0.0000012945205300
0.0000011553452200
0.0000025045299000
0.0000050730604900
0.0000071249937700
0.0000079965011500
0.0000069927677900
0.0000048142924200
0.0000045050273900
0.0000058589694200
0.0000077623935800
0.0000083747427100
0.0000063993388700
0.0000045884812600
0.0000042976480500
0.0000051095557900
0.0000074775803100
0.0000083287586600
0.0000070151913800
0.0000063541892800
0.0000066627944700
0.0000070078822300
0.0000073409000800
0.0000067563510100
0.0000053584776700
0.0000046949803600
0.0000048077740800
0.0000062354593000
0.0000074449071700
0.0000075497082400
0.0000086266163600
0.0000084223229400
0.0000069424386300
0.0000057196762100
0.0000047500871000
0.0000055376258400
0.0000080342961200
0.0000085678766400
0.0000080995441700
0.0000065838285000
0.0000045450274200
0.0000048077135900
0.0000061648756900
0.0000066618213200
0.0000059147714600
0.0000044948205900
0.0000041483672200
0.0000061301275300
0.0000088046263000
0.0000107787137000
0.0000096294597800
0.0000082775632100
0.0000083107570400
0.0000089378054300
0.0000115065559000
0.0000126816121000
0.0000108069753000
0.0000090486310000
0.0000064723685700
0.0000043863133200
0.0000045725951200
0.0000046187046800
0.0000051009342300
0.0000065684744200
0.0000071180820700
0.0000072893594700
0.0000070437959000
0.0000061783707700
0.0000059542208000
0.0000056122539700
0.0000056680760300
0.0000059244603100
0.0000051616461900
0.0000056223775600
0.0000058969526400
0.0000060084480500
0.0000073882961200
0.0000071457720800
0.0000058506107100
0.0000059420308400
0.0000055414184300
0.0000052157311100
0.0000057771944700
0.0000055872187700
0.0000056751182500
0.0000065614049200
0.0000067335763500
0.0000076262804200
0.0000080874333400
0.0000076616215700
0.0000077273916800
0.0000070592577700
0.0000064884075100
0.0000062470121500
0.0000057019378800
0.0000060427883000
0.0000060898923900
0.0000059965182100
0.0000068277113300
0.0000068695676400
0.0000066724851400
0.0000070321057100
0.0000069237371400
0.0000071075805800
0.0000070658838900
0.0000064478845200
0.0000060503753000
0.0000057796096400
0.0000063269681000
0.0000084747243800
0.0000107269843000
0.0000123761856000
0.0000130267836000
0.0000119066299000
0.0000093821963700
0.0000067251849000
0.0000044535049700
0.0000032049140400
0.0000030683945600
0.0000035550936000
0.0000042704441500
0.0000049480809100
0.0000051721899600
0.0000047863659300
0.0000045141978300
0.0000043325071600
0.0000042235751600
0.0000044566159000
0.0000047792782400
0.0000048545325600
0.0000050017188200
0.0000050938933800
0.0000047416915500
0.0000044140583700
0.0000044910380000
0.0000048991460100
0.0000058223377000
0.0000063433276400
0.0000064633668400
0.0000062429808200
0.0000051613201300
0.0000044496969200
0.0000043421700900
0.0000045138458500
0.0000049491832200
0.0000053649159800
0.0000054203451300
0.0000054108791100
0.0000052199229700
0.0000051903866700
0.0000049905525000
0.0000050870908100
0.0000051365468600
0.0000052905684200
0.0000053441303900
0.0000054931447300
0.0000057007478100
0.0000057507750200
0.0000061506521000
0.0000061656987800
0.0000061516943800
0.0000057562429000
0.0000050154603700
0.0000047727867200
0.0000049076593300
0.0000051949018600
0.0000056616136100
0.0000057949932900
0.0000060759093700
0.0000065757240000
0.0000074561180500
0.0000078217353800
0.0000077984659600
0.0000067055052600
0.0000051988072300
0.0000042195542800
0.0000037281440700
0.0000038401572100
0.0000043784130000
0.0000047803591800
0.0000052175228100
0.0000052361010600
0.0000055066093400
0.0000055840650900
0.0000052065920500
0.0000050006515300
0.0000046630557300
0.0000044094058500
0.0000046425984700
0.0000047461539900
0.0000048602501000
0.0000052654190800
0.0000050541948400
0.0000051291731300
0.0000053395456200
0.0000050648955000
0.0000051143629200
0.0000050471667200
0.0000045758456500
0.0000045856422700
0.0000046728887400
0.0000046297154800
0.0000050248409000
0.0000051090205500
0.0000051774313800
0.0000054790043600
0.0000053876042300
0.0000051404508700
0.0000049202190000
0.0000045642318600
0.0000043319068900
0.0000043844656800
0.0000044627267900
0.0000048309229900
0.0000049464974800
0.0000048087408700
0.0000047866351500
0.0000043639784100
0.0000043211375700
0.0000042403303300
0.0000041745147400
0.0000046103155000
0.0000046509098900
0.0000046215291100
0.0000046614459300
0.0000044460621200
0.0000049482378000
0.0000055721079700
0.0000058518321600
0.0000069303000600
0.0000073674955300
0.0000071181511900
0.0000069584930300
0.0000060630204600
0.0000049823142900
0.0000043493223500
0.0000035001462500
0.0000032167720300
0.0000033191672600
0.0000032631878600
0.0000039296260200
0.0000042073979800
0.0000043650698000
0.0000047117209800
0.0000045167985300
0.0000046249992900
0.0000047563044100
0.0000044641788000
0.0000045337637900
0.0000044566245400
0.0000040563622900
0.0000043522372800
0.0000043570426000
0.0000041778689600
0.0000044241314800
0.0000043656991700
0.0000045306865100
0.0000047540870600
0.0000043409922900
0.0000046579311900
0.0000046006357500
0.0000041219364000
0.0000047105559100
0.0000046512282100
0.0000045698684500
0.0000050244539100
0.0000045257174900
0.0000046034756500
0.0000047403568700
0.0000042689898700
0.0000045592141800
0.0000042687356700
0.0000040422678500
0.0000048504553000
0.0000043326826900
0.0000042104852600
0.0000044796124700
0.0000040673448900
0.0000045183014700
0.0000045791421100
0.0000041585449300
0.0000043733184600
0.0000043244604100
0.0000039090464300
0.0000042574397400
0.0000041807688800
0.0000042803671900
0.0000043452832900
0.0000042820875000
0.0000043975046500
0.0000040628606300
0.0000037823601800
0.0000039358378700
0.0000037266640900
0.0000042130550400
0.0000046914851700
0.0000042434689900
0.0000043934678600
0.0000042347014600
0.0000039473343300
0.0000044738044400
0.0000041424236800
0.0000038987050200
0.0000042066781100
0.0000039949795800
0.0000041874304800
0.0000042062979400
0.0000039279125300
0.0000040451009200
0.0000039636020100
0.0000041204143600
0.0000043776863100
0.0000041563239400
0.0000040610607400
0.0000038503121700
0.0000035805374000
0.0000041593612000
0.0000040631339300
0.0000038753369200
0.0000041779026100
0.0000039439742100
0.0000039851247500
0.0000044246735300
0.0000040723862200
0.0000037391978400
0.0000036651842900
0.0000037785030100
0.0000040913701000
0.0000041952034700
0.0000042331671500
0.0000041636540100
0.0000039184533300
0.0000038209495900
0.0000039012293200
0.0000040550685300
0.0000043084951400
0.0000041783814600
0.0000039060764700
0.0000039954788900
0.0000038829866800
0.0000038244920700
0.0000039046335600
0.0000039676137900
0.0000041485795900
0.0000041225566700
0.0000038072717000
0.0000038418720600
0.0000038405191800
0.0000039864635300
0.0000041495332000
0.0000041722819300
0.0000042061283200
0.0000040039612900
0.0000039192032100
0.0000038255475400
0.0000037749307500
0.0000037341706000
0.0000037297659200
0.0000037205741100
0.0000038024907100
0.0000039147366800
0.0000038111124900
0.0000038054656700
0.0000036681717600
0.0000037169729700
0.0000037931292800
0.0000038616622100
0.0000040446793700
0.0000041515086200
0.0000041507887500
0.0000041209737000
0.0000039709075300
0.0000037955360300
0.0000036796866400
0.0000034225504400
0.0000034269614800
0.0000035497530500
0.0000036535989200
0.0000037915383500
0.0000038668345000
0.0000036959656900
0.0000036913775100
0.0000035850632700
0.0000035211749000
0.0000036203946400
0.0000036395549600
0.0000038899665900
0.0000040772656600
0.0000040352433600
0.0000039349492900
0.0000037124923400
0.0000034999682200
0.0000034602776400
0.0000034844054000
0.0000035141217700
0.0000035508821800
0.0000036248447900
0.0000036785618200
0.0000038593689200
0.0000038734874600
0.0000038910993700
0.0000038411903900
0.0000036452652200
0.0000035490816100
0.0000036154328900
0.0000034642280300
0.0000036166825300
0.0000037063191500
0.0000037147799500
0.0000039197379900
0.0000038158841600
0.0000037103418400
0.0000037582781300
0.0000036002970800
0.0000035681241600
0.0000035594005100
0.0000033170827000
0.0000034787301500
0.0000036359138000
0.0000036544156500
0.0000039014239500
0.0000038574139600
0.0000037827433100
0.0000038148523300
0.0000035010789400
0.0000034767467700
0.0000036285914600
0.0000033993044300
0.0000034849752000
0.0000036466913100
0.0000034639783700
0.0000036787482700
0.0000034331833400
0.0000033621474800
0.0000037763579700
0.0000033244471100
0.0000032838686400
0.0000035582434100
0.0000031645136000
0.0000034976674200
0.0000036704143400
0.0000032951072600
0.0000036239071100
0.0000034873592100
0.0000032009502300
0.0000038911516600
0.0000034620054500
0.0000033041772000
0.0000037703684900
0.0000032381603900
0.0000033595677000
0.0000035975942900
0.0000031524930400
0.0000034664278700
0.0000033372214100
0.0000030305932300
0.0000036312465000
0.0000033359153800
0.0000032224290900
0.0000036194494400
0.0000030657734000
0.0000033538181000
0.0000036175561000
0.0000029937496000
0.0000036091776100
0.0000035388197800
0.0000027918968000
0.0000035623370400
0.0000033836113300
0.0000029667394300
0.0000036343819800
0.0000032172422400
0.0000029495599800
0.0000035972600500
0.0000031842137100
0.0000031821557500
0.0000036068809100
0.0000030610060500
0.0000033317830900
0.0000035795963000
0.0000030913063300
0.0000032886307500
0.0000033251305900
0.0000030892620100
0.0000034530112300
0.0000033812714300
0.0000031769484400
0.0000034373590600
0.0000032075347500
0.0000032515804400
0.0000033502449200
0.0000032021839600
0.0000032642524300
0.0000032622442600
0.0000031398035400
0.0000032157240600
0.0000032583184300
0.0000031792042100
0.0000031637462100
0.0000031703425500
0.0000032172117700
0.0000031608608400
0.0000032871257600
0.0000032205023200
0.0000031442562000
0.0000032322245700
0.0000031644203800
0.0000031382546700
0.0000031590159300
0.0000032141317700
0.0000031402862500
0.0000031133345100
0.0000032773455100
0.0000032571631400
0.0000030364699300
0.0000032003154000
0.0000032760726800
0.0000030840606100
0.0000032151269800
0.0000031217375600
0.0000030940634600
0.0000032256587000
0.0000030838323300
0.0000031242216200
0.0000031455933800
0.0000029839520700
0.0000030807038900
0.0000030224505300
0.0000030349810900
0.0000031174356500
0.0000030852538700
0.0000031019342300
0.0000030950777700
0.0000030044475400
0.0000031389417900
0.0000030950309300
0.0000030347262100
0.0000030838018600
0.0000029493494400
0.0000030703115500
0.0000031469712700
0.0000029696261700
0.0000031294951000
0.0000030908720400
0.0000028839826900
0.0000031363194900
0.0000029720763500
0.0000029317877800
0.0000031981589900
0.0000029640257300
0.0000030545970700
0.0000030290455000
0.0000029227089700
0.0000031386423400
0.0000030980947900
0.0000029621628500
0.0000031235515500
0.0000028994993500
0.0000028996614700
0.0000031682286600
0.0000030275996300
0.0000030113546900
0.0000031198651400
0.0000028975885000
0.0000030326532400
0.0000029928585300
0.0000029063562600
0.0000029757870800
0.0000029167567800
0.0000028769898100
0.0000029516379500
0.0000029631635200
0.0000030393227900
0.0000027757228100
0.0000028598008200
0.0000030391490800
0.0000028170059100
0.0000029927778100
0.0000030910589400
0.0000028040060400
0.0000029536647600
0.0000028836404900
0.0000026864104300
0.0000029592170000
0.0000029602788300
0.0000028243277900
0.0000029905159000
0.0000030330454600
0.0000030304538500
0.0000028874715100
0.0000027524065400
0.0000028619667800
0.0000028831520900
0.0000027908759000
0.0000029694074300
0.0000029715224600
0.0000028925410300
0.0000027736537000
0.0000027500714200
0.0000029995258000
0.0000029315920100
0.0000027433259200
0.0000027921655600
0.0000028359415900
0.0000029288335100
0.0000029354757800
0.0000027874111800
0.0000028337651700
0.0000028462345700
0.0000028476154100
0.0000029326990900
0.0000028125005000
0.0000026959844500
0.0000027904563900
0.0000029396976500
0.0000029245620700
0.0000027755286300
0.0000027461085200
0.0000027381363500
0.0000028406029700
0.0000028872702800
0.0000027396081400
0.0000027203650500
0.0000027667863400
0.0000028257559300
0.0000028620486300
0.0000028517399600
0.0000028278364000
0.0000027711262200
0.0000027680814600
0.0000027768519400
0.0000027575581500
0.0000028015256200
0.0000027512044200
0.0000028510326000
0.0000027565142800
0.0000026922052700
0.0000027013270500
0.0000027562452900
0.0000027777075500
0.0000028208965000
0.0000027374901500
0.0000026753257300
0.0000026961965900
0.0000026863608600
0.0000026977745600
0.0000027111850600
0.0000027303588000
0.0000027425828600
0.0000028034985500
0.0000027702358200
0.0000027807657300
0.0000027388409800
0.0000027921044000
0.0000027516689400
0.0000026792192800
0.0000027166647700
0.0000027379469400
0.0000026939137600
0.0000027171429300
0.0000027387559400
0.0000027020905700
0.0000027207761400
0.0000026996770000
0.0000026329091700
0.0000026945736000
0.0000027264657100
0.0000026479563100
0.0000026247339500
0.0000026954123800
0.0000025648184900
0.0000026108007200
0.0000026735458500
0.0000025912397600
0.0000026069533300
0.0000027100891200
0.0000025709080100
0.0000025469091700
0.0000025949909700
0.0000025495355700
0.0000026001655400
0.0000025821334500
0.0000025409349300
0.0000025434560500
0.0000025926003700
0.0000025301192200
0.0000024689345500
0.0000026327663800
0.0000026103050500
0.0000025096233000
0.0000026076093000
0.0000026158472800
0.0000026338214000
0.0000026911861800
0.0000023642296600
0.0000024993989900
0.0000028020540400
0.0000023722113800
0.0000025437971100
0.0000028263627900
0.0000023064722000
0.0000025693248100
0.0000027866085500
0.0000024160770000
0.0000024921055200
0.0000026018706200
0.0000025461961300
0.0000025465701600
0.0000025705599000
0.0000026263583100
0.0000024071705400
0.0000025513591000
0.0000026248490000
0.0000023541326800
0.0000027653638900
0.0000026141744900
0.0000022067006300
0.0000027799471800
0.0000024362773300
0.0000023372649600
0.0000029539890000
0.0000022944568600
0.0000024241378500
0.0000028102610900
0.0000020998225000
0.0000026745858600
0.0000026913180600
0.0000019583681000
0.0000028288470700
0.0000026241070800
0.0000021979522000
0.0000027030091600
0.0000020299964900
0.0000024736446000
0.0000027592814100
0.0000023582645100
0.0000030768189800
0.0000022048482200
0.0000019446870300
0.0000028499423500
0.0000022071562900
0.0000029498442000
0.0000030217877300
0.0000016406564800
0.0000027524972700
0.0000025424242300
0.0000020699633300
0.0000032891459800
0.0000021651785600
0.0000021168009400
0.0000030672222200
0.0000020255702100
0.0000029826105700
0.0000026163586400
0.0000015189148100
0.0000039169594900
0.0000026256716400
0.0000014191402900
0.0000040860450100
0.0000024238395300
0.0000016552830900
0.0000033176695500
0.0000020512095500
0.0000028779343200
0.0000024301543800
0.0000014145433600
0.0000040316231200
0.0000023845027500
0.0000019792353200
0.0000041136831900
0.0000014164495500
0.0000022273516200
0.0000034220026900
0.0000016358674200
0.0000043674376700
0.0000030243122600
0.0000007605314070
0.0000040439181200
0.0000032572681900
0.0000017392989100
0.0000027083081000
0.0000017388166500
0.0000028404897400
0.0000026313596200
0.0000018426458200
0.0000041771791100
0.0000019166150200
0.0000012936549200
0.0000048476413200
0.0000023419495400
0.0000024239823200
0.0000046486980000
0.0000012826473000
0.0000017499394300
0.0000032995963000
0.0000022547103500
0.0000033353783200
0.0000020154857300
0.0000014963243300
0.0000027234541400
0.0000019109566000
0.0000032742711900
0.0000026449201900
0.0000017876062700
0.0000038848897900
0.0000017073568900
0.0000019925321300
0.0000044416028700
0.0000015357925300
0.0000022125557300
0.0000037386657800
0.0000011169667000
0.0000027349469700
0.0000035801292600
0.0000013261910700
0.0000027155604100
0.0000027520429700
0.0000018366433800
0.0000028146994300
0.0000020685745300
0.0000022377696500
0.0000024392602400
0.0000017316143600
0.0000028940137300
0.0000021194189200
0.0000022208000700
0.0000032953782900
0.0000012643321300
0.0000025784620400
0.0000035490070300
0.0000010737888900
0.0000029429763800
0.0000031018464600
0.0000009764829660
0.0000032181535500
0.0000026644936500
0.0000015824337000
0.0000035189075300
0.0000019416743300
0.0000017765286200
0.0000033233693600
0.0000016138194500
0.0000021574467200
0.0000029894706600
0.0000017309428100
0.0000025421663800
0.0000024993707900
0.0000020558434200
0.0000024389601100
0.0000017194378200
0.0000025796052800
0.0000026049951900
0.0000014711080200
0.0000027841274500
0.0000024289238400
0.0000016761456400
0.0000029020589000
0.0000018415701100
0.0000020767802200
0.0000032914297200
0.0000016522054700
0.0000022199697000
0.0000030703527000
0.0000016307818700
0.0000024202245200
0.0000025175984300
0.0000015843618300
0.0000027321621000
0.0000022776425800
0.0000016029052900
0.0000026894599600
0.0000021349822000
0.0000018610201100
0.0000027218470700
0.0000021359637700
0.0000020335994600
0.0000023368177200
0.0000021300063500
0.0000021532675900
0.0000020227480500
0.0000022530025500
0.0000024827745600
0.0000019566211900
0.0000023428308400
0.0000026058858100
0.0000018753677300
0.0000021740654600
0.0000021957205300
0.0000018909487400
0.0000022924136800
0.0000021361790900
0.0000020529639600
0.0000024720247900
0.0000020839911500
0.0000021520470500
0.0000023754232600
0.0000018324964200
0.0000021824703300
0.0000022689423500
0.0000018095455500
0.0000023360476000
0.0000022381821100
0.0000019313909000
0.0000023787517900
0.0000020886707300
0.0000020359907500
0.0000023622494600
0.0000020064230700
0.0000020920069800
0.0000022625570200
0.0000019607975900
0.0000022154179100
0.0000021909074800
0.0000019835695200
0.0000022674114500
0.0000021199816700
0.0000021410633100
0.0000023138598000
0.0000018800351400
0.0000022019016800
0.0000023126774500
0.0000017408596000
0.0000024015323600
0.0000022061572100
0.0000016721722900
0.0000025866261200
0.0000020721704500
0.0000018406985900
0.0000026845509600
0.0000019025146700
0.0000019868064100
0.0000024262831200
0.0000017506459900
0.0000021084968000
0.0000022398426200
0.0000019230308200
0.0000022546366800
0.0000020224081300
0.0000020337324700
0.0000023413788300
0.0000020116831400
0.0000020969037000
0.0000021236335200
0.0000018596441600
0.0000021402995600
0.0000021307303100
0.0000019171247900
0.0000022521517200
0.0000020208124200
0.0000019881401800
0.0000022810334000
0.0000018374242900
0.0000020912853000
0.0000021883813600
0.0000018356520300
0.0000023919033100
0.0000021082678400
0.0000019605622600
0.0000024009646000
0.0000018773482700
0.0000021805533400
0.0000021761700300
0.0000018512749900
0.0000025169392800
0.0000017997979300
0.0000018579637500
0.0000026252873800
0.0000015902410300
0.0000020895074600
0.0000025557883400
0.0000015496707400
0.0000022408673900
0.0000021599280400
0.0000017289855800
0.0000025099959700
0.0000018461144000
0.0000017742120200
0.0000024575099400
0.0000018414300500
0.0000020249794900
0.0000020902580200
0.0000018407034800
0.0000023284612800
0.0000017404738600
0.0000019677158900
0.0000025746653600
0.0000015453705400
0.0000019785190900
0.0000022966764800
0.0000016061467200
0.0000024064145200
0.0000020242798700
0.0000016204082800
0.0000024935650300
0.0000017152414100
0.0000019923334100
0.0000025264512300
0.0000015343404100
0.0000020715519900
0.0000021792188800
0.0000017268408800
0.0000025040183100
0.0000018442508500
0.0000017543702600
0.0000025072631600
0.0000017215844500
0.0000020624299900
0.0000022845081300
0.0000015606397000
0.0000022218232500
0.0000020886734500
0.0000017703741800
0.0000022642927900
0.0000016562279400
0.0000018421686700
0.0000021730859300
0.0000016844948000
0.0000021979587900
0.0000020474403800
0.0000016188627100
0.0000021581465700
0.0000017306249400
0.0000019535496000
0.0000022738925100
0.0000016571266300
0.0000020773347800
0.0000020226602800
0.0000016430397000
0.0000022255399000
0.0000018786018900
0.0000018422908900
0.0000021518035300
0.0000016205567600
0.0000020752504500
0.0000020649006300
0.0000015577177200
0.0000022063170500
0.0000019743261000
0.0000016574293800
0.0000022040615000
0.0000018819054000
0.0000018734407400
0.0000020036927700
0.0000017698553200
0.0000020551442500
0.0000018572099000
0.0000018091132000
0.0000021220789700
0.0000017794371800
0.0000019414171700
0.0000020725603900
0.0000016988231000
0.0000020251748100
0.0000020064881000
0.0000017008289900
0.0000019447434200
0.0000018289559900
0.0000017585568900
0.0000019424539900
0.0000018210271300
0.0000019424237500
0.0000019339372600
0.0000018386510900
0.0000020435927600
0.0000019285532700
0.0000018639417500
0.0000019755252700
0.0000018003595400
0.0000019223800800
0.0000019550493600
0.0000017907773300
0.0000019223900800
0.0000019546776000
0.0000018745246300
0.0000019452220400
0.0000019242409100
0.0000019138656200
0.0000018730047500
0.0000017592667500
0.0000018848072600
0.0000018197162000
0.0000018307588300
0.0000019157676000
0.0000018134965100
0.0000018617029100
0.0000019144349600
0.0000018059557800
0.0000019431622600
0.0000018545149500
0.0000017048474800
0.0000019321476000
0.0000017945648100
0.0000017565722600
0.0000019181252400
0.0000017701090700
0.0000018472216000
0.0000019385138300
0.0000017140606600
0.0000018461752200
0.0000018392419200
0.0000017170971200
0.0000018784998000
0.0000018165887900
0.0000018147546800
0.0000018581499700
0.0000017201377900
0.0000019082594900
0.0000018270216100
0.0000017404673800
0.0000019506765100
0.0000017259222900
0.0000017217346300
0.0000019283481800
0.0000016634229500
0.0000018201878900
0.0000019352289700
0.0000017158572500
0.0000019133053700
0.0000017989381100
0.0000016771740500
0.0000019036811000
0.0000017044944800
0.0000017780698700
0.0000019050373800
0.0000016378877500
0.0000018626409400
0.0000018467862900
0.0000016598138500
0.0000018945213500
0.0000018122057100
0.0000017338384200
0.0000018630155400
0.0000016967626400
0.0000017766332100
0.0000018855473600
0.0000016767224900
0.0000018355635800
0.0000018081901800
0.0000017113616200
0.0000019078343000
0.0000017427468000
0.0000017441838100
0.0000018865756600
0.0000017142863300
0.0000017847089600
0.0000018081798300
0.0000017032398300
0.0000017915252800
0.0000017491336200
0.0000017396289400
0.0000018270443400
0.0000017099984000
0.0000017452205200
0.0000018063857400
0.0000017218131900
0.0000017426033300
0.0000017679444700
0.0000017116125300
0.0000017522946800
0.0000017624762400
0.0000017094233700
0.0000017891883300
0.0000017029520900
0.0000017478570300
0.0000018375053500
0.0000017017620200
0.0000017096498400
0.0000017750978700
0.0000016610823600
0.0000017507272800
0.0000017916172500
0.0000016901551600
0.0000017806379400
0.0000017901280700
0.0000016860857400
0.0000017388102800
0.0000016732541300
0.0000016876318800
0.0000017343946900
0.0000016631134900
0.0000017226557200
0.0000018513642300
0.0000016803462600
0.0000017353933100
0.0000017668289700
0.0000015970408600
0.0000017530886700
0.0000017473701100
0.0000015884321600
0.0000017764816700
0.0000018148088000
0.0000017808080200
0.0000016619388800
0.0000016336217600
0.0000018581090400
0.0000016620822400
0.0000015684727300
0.0000018873430500
0.0000016777313500
0.0000016255044100
0.0000018720595600
0.0000015797094200
0.0000016737462800
0.0000018634381100
0.0000016119059900
0.0000018473438100
0.0000015460304900
0.0000015120201600
0.0000021066491600
0.0000014396359800
0.0000015327328800
0.0000022651606700
0.0000014299500900
0.0000016047213200
0.0000020212280600
0.0000013629459100
0.0000019195470000
0.0000017195308100
0.0000014135433700
0.0000021652822400
0.0000015033268700
0.0000014868239800
0.0000019412914300
0.0000012332797000
0.0000020219397400
0.0000019510430300
0.0000010906707100
0.0000023755528700
0.0000016809659700
0.0000011514821400
0.0000025761205500
0.0000013315334400
0.0000014579950400
0.0000025671806700
0.0000011319140200
0.0000018478017400
0.0000020646423300
0.0000009876091550
0.0000025724323200
0.0000018183893600
0.0000009909367690
0.0000028075760400
0.0000015159212100
0.0000012374032400
0.0000024942928600
0.0000012419365000
0.0000018688366500
0.0000019256760900
0.0000010336958700
0.0000023889069800
0.0000015514569900
0.0000012798144600
0.0000025907556800
0.0000011989235400
0.0000016398398700
0.0000025249869400
0.0000009422695940
0.0000021041473700
0.0000023023656000
0.0000008599963050
0.0000022572053200
0.0000019030106800
0.0000010365953400
0.0000023721577200
0.0000014473862400
0.0000012978154000
0.0000023020315900
0.0000013400003800
0.0000015771006500
0.0000018513354700
0.0000012677359100
0.0000019244978400
0.0000017053649800
0.0000014005348700
0.0000019208914600
0.0000013871526800
0.0000015870385800
0.0000018526832300
0.0000013744744400
0.0000018010742900
0.0000016505175600
0.0000012927288300
0.0000019033030900
0.0000015263763100
0.0000014050083300
0.0000019949704900
0.0000014602890100
0.0000014296439300
0.0000018657260600
0.0000014959392700
0.0000015524971100
0.0000016940429100
0.0000015340799600
0.0000016608397600
0.0000016171079600
0.0000015114077300
0.0000016666045900
0.0000016340293300
0.0000015799730600
0.0000015922412300
0.0000015691690600
0.0000015861106700
0.0000016118449400
0.0000016143310400
0.0000015740542900
0.0000015823774200
0.0000016532181900
0.0000015978461100
0.0000016207611700
0.0000016631125800
0.0000014535048600
0.0000015887260400
0.0000016129456500
0.0000015229966300
0.0000015597385100
0.0000016525068500
0.0000015521537800
0.0000016256334400
0.0000015380119300
0.0000016111994200
0.0000015945332700
0.0000016276810600
0.0000015562167200
0.0000015542509600
0.0000015167895500
0.0000016045283900
0.0000015653691900
0.0000015305153100
0.0000016033742400
0.0000015151791800
0.0000015593360600
0.0000015804784000
0.0000015445790500
0.0000015643395300
0.0000016232423800
0.0000015417836000
0.0000016209021400
0.0000015759573000
0.0000015720170300
0.0000015189541500
0.0000014991248900
0.0000015378743700
0.0000015461349700
0.0000014823823400
0.0000015743341900
0.0000016061413800
0.0000015186789100
0.0000015610723900
0.0000015670976800
0.0000015393151200
0.0000015852964500
0.0000015406232000
0.0000015712811300
0.0000015873163200
0.0000015388039900
0.0000015558777000
0.0000015327633500
0.0000014939302000
0.0000015857792700
0.0000014909328500
0.0000015327505000
0.0000015918849400
0.0000015295905800
0.0000014913557600
0.0000015468340300
0.0000014919982000
0.0000015614011800
0.0000015615837600
0.0000014772178900
0.0000015798680100
0.0000015006110100
0.0000015428904600
0.0000015665549400
0.0000015326138500
0.0000015638680700
0.0000015872094500
0.0000014782319800
0.0000015235084400
0.0000015244850100
0.0000014838801700
0.0000015208080400
0.0000015261778100
0.0000014925766400
0.0000014841614300
0.0000015335811000
0.0000015465273000
0.0000015387923900
0.0000015345111700
0.0000015074358500
0.0000015371287000
0.0000015054315600
0.0000015318290700
0.0000014872007300
0.0000014984117300
0.0000015480286500
0.0000014899899300
0.0000015176045700
0.0000015529519700
0.0000014411152700
0.0000015316948100
0.0000015425257500
0.0000014356211300
0.0000015085237200
0.0000015476216500
0.0000014781039700
0.0000015044696500
0.0000015637442600
0.0000014978413700
0.0000015018424600
0.0000014980407700
0.0000014468347400
0.0000014994142200
0.0000015418610200
0.0000014568477100
0.0000014580635900
0.0000014931877100
0.0000014509273600
0.0000014521637000
0.0000015626842500
0.0000015065786600
0.0000014481642000
0.0000015447527600
0.0000014965481800
0.0000014690285800
0.0000015369353200
0.0000014326427600
0.0000015002276500
0.0000015497213300
0.0000014395341200
0.0000014441153600
0.0000014753860600
0.0000014890686100
0.0000014932620600
0.0000014457931500
0.0000014855824000
0.0000014510610500
0.0000014693994200
0.0000014552258600
0.0000014382101200
0.0000014658353400
0.0000014359461600
0.0000014411112900
0.0000015057701100
0.0000014788814700
0.0000014412906900
0.0000014722418200
0.0000014505329800
0.0000014431890300
0.0000014783696500
0.0000014508112800
0.0000014388811000
0.0000014579048900
0.0000014415147700
0.0000014649128800
0.0000014499169100
0.0000014472216200
0.0000014727443200
0.0000014150169800
0.0000014545818200
0.0000014721348400
0.0000014227755400
0.0000014702209200
0.0000014551983400
0.0000014357608500
0.0000014488294900
0.0000014423787900
0.0000014520295500
0.0000014414373500
0.0000014281591800
0.0000014528636700
0.0000014440097400
0.0000014558031600
0.0000014427541800
0.0000014405234200
0.0000014188334500
0.0000014166597600
0.0000014378785000
0.0000014387519500
0.0000014072966200
0.0000014381014400
0.0000014690093600
0.0000014505303600
0.0000014453563600
0.0000014123247600
0.0000014180362800
0.0000014397585300
0.0000014368573600
0.0000014308985800
0.0000014171672500
0.0000014107932900
0.0000014444804000
0.0000014789853800
0.0000014521831400
0.0000013757594400
0.0000014450816900
0.0000014519606600
0.0000014492610500
0.0000014290790200
0.0000014198332100
0.0000014346948100
0.0000014465771300
0.0000014298440200
0.0000014236239800
0.0000013998480900
0.0000014198010400
0.0000014403075300
0.0000013899564200
0.0000014090248900
0.0000014140855500
0.0000014035622400
0.0000014510340000
0.0000013652097600
0.0000014023964900
0.0000014013055500
0.0000013919667500
0.0000014066012000
0.0000013674579100
0.0000014301883800
0.0000013895984200
0.0000014070611800
0.0000013602773400
0.0000013966015300
0.0000014073558500
0.0000014080620800
0.0000014105781900
0.0000013569376700
0.0000013940605200
0.0000014050679100
0.0000014127680300
0.0000013976300600
0.0000014123785400
0.0000014552005000
0.0000014592617400
0.0000013376565000
0.0000013811474000
0.0000014059627300
0.0000014599535200
0.0000013563669700
0.0000013606732000
0.0000013836796600
0.0000014190336500
0.0000014396292700
0.0000013499440000
0.0000013400538100
0.0000013498061000
0.0000014321066100
0.0000013709750400
0.0000013836145200
0.0000013792536000
0.0000013697194800
0.0000014379002100
0.0000013896966500
0.0000014050220900
0.0000014780353000
0.0000013902035800
0.0000014506217700
0.0000013197716300
0.0000013870311500
0.0000013761518900
0.0000013535948300
0.0000013498688500
0.0000014174037200
0.0000013868767600
0.0000013442698900
0.0000013451914400
0.0000013545964100
0.0000013990609200
0.0000012943597800
0.0000013790316900
0.0000013732494600
0.0000014347163000
0.0000014164018000
0.0000013507492400
0.0000014579645700
0.0000014373770200
0.0000014215114600
0.0000013970417300
0.0000014543452400
0.0000013390327900
0.0000013678297800
0.0000013083819100
0.0000013402570900
0.0000014375971200
0.0000013569877000
0.0000013270920400
0.0000013904617600
0.0000013680569300
0.0000013694485700
0.0000013288674800
0.0000013289756000
0.0000013752624000
0.0000013390659900
0.0000012876333800
0.0000013048897900
0.0000013631988600
0.0000013811571800
0.0000013555355700
0.0000014219582500
0.0000013896873300
0.0000013441722300
0.0000013756212000
0.0000013991361800
0.0000014285474200
0.0000014306875800
0.0000014227836100
0.0000013629626200
0.0000012728603500
0.0000012631303400
0.0000013176559200
0.0000013412815200
0.0000013989346100
0.0000014054890000
0.0000013026146900
0.0000013351453800
0.0000012672644500
0.0000013568745800
0.0000013214919400
0.0000012937142600
0.0000013366284300
0.0000013620215200
0.0000013762869500
0.0000013599645900
0.0000012467371600
0.0000013138409300
0.0000012756034900
0.0000014132618800
0.0000013214402100
0.0000013401759100
0.0000014323928800
0.0000013340070400
0.0000013467190500
0.0000013322164700
0.0000012908227500
0.0000013178496400
0.0000013134543900
0.0000012846264800
0.0000013007658000
0.0000013869274700
0.0000012996841900
0.0000014202138300
0.0000013555097700
0.0000012679319100
0.0000013567894300
0.0000012598879900
0.0000013508464500
0.0000013699211600
0.0000013584733600
0.0000012489846300
0.0000014223917300
0.0000012693996000
0.0000013828739600
0.0000013563353600
0.0000012755296000
0.0000013530004700
0.0000013310987000
0.0000013216204000
0.0000014660462300
0.0000013402541300
0.0000014079746500
0.0000013826169200
0.0000014348313500
0.0000013341191300
0.0000012257413600
0.0000012799655500
0.0000012663477900
0.0000013486484200
0.0000013519467100
0.0000012866892100
0.0000013591424000
0.0000012636953700
0.0000012504197000
0.0000012482622700
0.0000012860483600
0.0000014332705400
0.0000013062433500
0.0000012133009500
0.0000012902108900
0.0000014375361800
0.0000013732702700
0.0000012434669500
0.0000012353504000
0.0000014004090200
0.0000012663435900
0.0000013514406900
0.0000012441628300
0.0000011881759300
0.0000014173027700
0.0000012885504900
0.0000012521121600
0.0000011745677300
0.0000011834013100
0.0000013710140400
0.0000013004739700
0.0000013980439900
0.0000012954328700
0.0000011164565900
0.0000012288915100
0.0000010963904100
0.0000013076753500
0.0000013448562900
0.0000012734568600
0.0000010522640000
0.0000012729260600
0.0000012916326600
0.0000013653575500
0.0000013440707100
0.0000011958738900
0.0000010926377200
0.0000011575109500
0.0000012861671600
0.0000012386423100
0.0000012602157500
0.0000011573706600
0.0000012759667200
0.0000013005806100
0.0000012583924400
0.0000013567969300
0.0000012741212500
0.0000012126697600
0.0000012504700600
0.0000012096364800
0.0000013613267800
0.0000012638171300
0.0000012435708600
0.0000012830474800
0.0000012059548500
0.0000012346312100
0.0000012358508500
0.0000012638851100
0.0000013416450900
0.0000013090209400
0.0000012582797800
0.0000012558616600
0.0000012083374900
0.0000012906932600
0.0000013202116000
0.0000012943817200
0.0000012507270000
0.0000012078979800
0.0000011947629400
0.0000011913280100
0.0000012249588500
0.0000012610125900
0.0000012661087100
0.0000012523322500
0.0000012003350800
0.0000012148691400
0.0000012375153300
0.0000011874441300
0.0000012886210900
0.0000012400819300
0.0000012907028100
0.0000013026647100
0.0000012113364400
0.0000012183079400
0.0000012057171300
0.0000011778630600
0.0000012620530500
0.0000012169042500
0.0000011483206200
0.0000012908500400
0.0000012613381800
0.0000013019084700
0.0000012475213700
0.0000012139313400
0.0000012910152200
0.0000012325676800
0.0000012472344200
0.0000012556100700
0.0000012381299300
0.0000012836849200
0.0000012620980700
0.0000012544198900
0.0000011382419400
0.0000013124552000
0.0000011368389300
0.0000011878009900
0.0000012220584700
0.0000012139198600
0.0000011706455300
0.0000011414346100
0.0000012470897000
0.0000011732918200
0.0000011680750700
0.0000012486515300
0.0000012842546100
0.0000012793508400
0.0000012967919900
0.0000012558069800
0.0000011449645900
0.0000012450178700
0.0000012023575700
0.0000011889280800
0.0000012943717100
0.0000011456206700
0.0000011940942400
0.0000012024698900
0.0000012401719700
0.0000012346770300
0.0000012131998800
0.0000011919579500
0.0000011767645000
0.0000012569685200
0.0000011999459300
0.0000012863303000
0.0000012497558800
0.0000012086695700
0.0000012158103600
0.0000013291464700
0.0000011856078600
0.0000012326859200
0.0000011699121400
0.0000011969087800
0.0000012549282900
0.0000012273370700
0.0000012279217600
0.0000012140984600
0.0000012078862700
0.0000011586968200
0.0000012627310800
0.0000011903067600
0.0000011744990600
0.0000012429582100
0.0000012191914000
0.0000011293443500
0.0000011326868600
0.0000011850603400
0.0000012033300400
0.0000012548983900
0.0000012206317000
0.0000012076830000
0.0000011825061400
0.0000012002711900
0.0000012254242800
0.0000012590377300
0.0000012188041900
0.0000011861237700
0.0000012591077600
0.0000012170078200
0.0000010537388600
0.0000012168999300
0.0000012223093800
0.0000012000899700
0.0000012969287600
0.0000012247655800
0.0000012104492300
0.0000012000530200
0.0000011798697400
0.0000012271000300
0.0000011999211400
0.0000012200479200
0.0000012514135500
0.0000012137231800
0.0000011934295100
0.0000012289691500
0.0000011462714200
0.0000011664891400
0.0000012136056300
0.0000012664753500
0.0000011283754000
0.0000011574080600
0.0000012169684900
0.0000011476349800
0.0000011834824800
0.0000011952259900
0.0000011307589600
0.0000012623435200
0.0000011141261200
0.0000011199798600
0.0000012440167400
0.0000010978311600
0.0000012146761000
0.0000012178616100
0.0000011779445700
0.0000012075336100
0.0000011542341600
0.0000011866375200
0.0000012074380000
0.0000012004454700
0.0000012313021200
0.0000011272350100
0.0000011404672500
0.0000012795778700
0.0000010821777300
0.0000011150739300
0.0000012443975900
0.0000011182896700
0.0000012107718700
0.0000012172018800
0.0000011337716600
0.0000011636002500
0.0000011208170500
0.0000012066282100
0.0000012041492700
0.0000011333880800
0.0000012126159800
0.0000012031766800
0.0000010626483800
0.0000012775884700
0.0000011659559500
0.0000011143358700
0.0000012376439100
0.0000010998946900
0.0000012233747400
0.0000012160371600
0.0000011215731800
0.0000011656928800
0.0000011313483100
0.0000011641254800
0.0000012053732200
0.0000010915018700
0.0000012273093300
0.0000011639440300
0.0000011675820100
0.0000012006756800
0.0000011046402100
0.0000012342180800
0.0000012447917500
0.0000010751731500
0.0000012377642000
0.0000012221345300
0.0000011057110200
0.0000012176141100
0.0000011825446800
0.0000011292444200
0.0000011986275000
0.0000011331367200
0.0000011897320700
0.0000011461949000
0.0000011147461700
0.0000011825169400
0.0000011292621600
0.0000011493549400
0.0000011996793300
0.0000011141529500
0.0000011789824200
0.0000011371969300
0.0000011438037300
0.0000012354190600
0.0000011348851100
0.0000011614018800
0.0000011544763100
0.0000010884357400
0.0000011620751400
0.0000011983261200
0.0000010779198200
0.0000011984279800
0.0000011393661900
0.0000011333281700
0.0000012110156100
0.0000011569575200
0.0000011625552400
0.0000011397487500
0.0000011030833800
0.0000011560487100
0.0000012146811100
0.0000010968586800
0.0000012007250200
0.0000011122888300
0.0000011118394200
0.0000012110666600
0.0000011307878400
0.0000011388652900
0.0000011662058300
0.0000011067456900
0.0000011565912200
0.0000011375357200
0.0000011192037200
0.0000011811391700
0.0000011485062700
0.0000011377798000
0.0000011576701100
0.0000011168732500
0.0000011553103100
0.0000011734148300
0.0000011016019200
0.0000011630372700
0.0000011461772800
0.0000011726494900
0.0000011394298600
0.0000011046713600
0.0000011697214900
0.0000011293083200
0.0000011224419700
0.0000011388980300
0.0000011552319800
0.0000011298092200
0.0000011504940900
0.0000011382004500
0.0000011615017000
0.0000011340874800
0.0000011123273700
0.0000011404303000
0.0000011649034400
0.0000011265656200
0.0000011118778500
0.0000011203965200
0.0000011592700300
0.0000011560787200
0.0000011219382300
0.0000011573916900
0.0000011567971100
0.0000011493714300
0.0000011302689700
0.0000011185437600
0.0000011633889000
0.0000011663312300
0.0000011440998800
0.0000011437782600
0.0000011299303000
0.0000011599295200
0.0000011680177700
0.0000011491805500
0.0000011621995100
0.0000011513595800
0.0000011516954100
0.0000011399716900
0.0000011298639000
0.0000011634006100
0.0000011514719100
0.0000011250937200
0.0000011470709800
0.0000011325302000
0.0000011357123000
0.0000011215537400
0.0000011272767300
0.0000011258075600
0.0000011230840800
0.0000011252346900
0.0000011310767100
0.0000010913440700
0.0000011113445500
0.0000011281327900
0.0000010893614900
0.0000011173698300
0.0000011372524100
0.0000011101133200
0.0000011066437100
0.0000011084976000
0.0000011150776800
0.0000011073613000
0.0000011194528000
0.0000010945293500
0.0000011082001900
0.0000011129615100
0.0000011248328100
0.0000010998310200
0.0000011210582900
0.0000011249235300
0.0000011128286100
0.0000011261424800
0.0000011236333000
0.0000011090371600
0.0000011047362700
0.0000011042975500
0.0000011074666900
0.0000011070933400
0.0000011509664500
0.0000011209458500
0.0000011342164000
0.0000010865655900
0.0000010528164000
0.0000010855441100
0.0000011271018800
0.0000010952790000
0.0000010893199900
0.0000011049244200
0.0000011358388300
0.0000011004600500
0.0000011351147600
0.0000011410813800
0.0000011034196600
0.0000011283730100
0.0000011019811800
0.0000011178262900
0.0000010854091700
0.0000011093540000
0.0000010937792500
0.0000012055106700
0.0000010857552300
0.0000011134045500
0.0000010810941800
0.0000011077959200
0.0000011012248300
0.0000011311381100
0.0000010921376100
0.0000010925762100
0.0000010996457100
0.0000010940615300
0.0000011380014900
0.0000011087028000
0.0000010771281000
0.0000010536792800
0.0000011614961300
0.0000011458760100
0.0000011547912200
0.0000010860186400
0.0000011886853600
0.0000011511917800
0.0000010982306500
0.0000010578698900
0.0000011942812500
0.0000011262018200
0.0000010823235900
0.0000010819258000
0.0000010910387100
0.0000011132962100
0.0000010839482900
0.0000010389372800
0.0000011210132700
0.0000011234648100
0.0000011614665700
0.0000010129174400
0.0000010998159000
0.0000011218998000
0.0000010740395700
0.0000010165903200
0.0000010806704700
0.0000011624347300
0.0000010968553900
0.0000011436415000
0.0000010608964700
0.0000011917424000
0.0000010870602400
0.0000010536682600
0.0000010488117800
0.0000010820865600
0.0000010602750500
0.0000010183737200
0.0000010558420600
0.0000011595254800
0.0000011126870700
0.0000010887545200
0.0000010147562100
0.0000010675647700
0.0000010778323900
0.0000009639306880
0.0000011462113900
0.0000011057318300
0.0000011609348600
0.0000011164389700
0.0000011337321000
0.0000011048074400
0.0000010929848000
0.0000012414058100
0.0000010193924700
0.0000011587977700
0.0000011239392300
0.0000011334494700
0.0000009840290430
0.0000010103148000
0.0000010972257800
0.0000010682404100
0.0000010994118600
0.0000010925626800
0.0000011267925400
0.0000011028655500
0.0000011065728800
0.0000009985935770
0.0000010611152000
0.0000010561489000
0.0000011236583100
0.0000010967259000
0.0000011120620200
0.0000011080228400
0.0000011588990700
0.0000010885190700
0.0000010682223300
0.0000010250754500
0.0000010261459200
0.0000010641770100
0.0000010598084800
0.0000010926597700
0.0000010571614000
0.0000011016590000
0.0000010837281900
0.0000010816232800
0.0000010260964700
0.0000010502008100
0.0000010114380300
0.0000011002971400
0.0000010363818300
0.0000010602573200
0.0000010469291300
0.0000011317611100
0.0000010536318800
0.0000010672240500
0.0000010186248600
0.0000010381775200
0.0000010578169200
0.0000010112412400
0.0000011049428400
0.0000010700090300
0.0000010426611000
0.0000011106367300
0.0000010663515000
0.0000010833872500
0.0000010095114900
0.0000010078622400
0.0000010716535100
0.0000010738518800
0.0000010070133400
0.0000010764376800
0.0000010818038200
0.0000010599327400
0.0000011248453100
0.0000010425770800
0.0000010306539500
0.0000010755921900
0.0000010433387800
0.0000010248904800
0.0000010365868100
0.0000010166994600
0.0000011007985000
0.0000010620823300
0.0000011204222100
0.0000010873329800
0.0000010042327900
0.0000010835435700
0.0000010851545100
0.0000010457608800
0.0000010805247300
0.0000010399473900
0.0000010509871800
0.0000010598489600
0.0000010499751400
0.0000010235749000
0.0000010235133900
0.0000010716401000
0.0000010605232300
0.0000010441946200
0.0000010464270900
0.0000010215565000
0.0000010199390800
0.0000010607849400
0.0000010655655800
0.0000010790287200
0.0000010610564200
0.0000010245341900
0.0000010355322500
0.0000010568223800
0.0000010555575000
0.0000010440580800
0.0000010524720400
0.0000010276371500
0.0000010532061200
0.0000010674723400
0.0000010333541200
0.0000010617372900
0.0000010388492900
0.0000010698966000
0.0000010457429200
0.0000010158921700
0.0000010487291300
0.0000010496111100
0.0000010475885100
0.0000010712789200
0.0000010471502500
0.0000010308410800
0.0000010432928500
0.0000010400581200
0.0000010468376100
0.0000010655455800
0.0000010444707600
0.0000010489562800
0.0000010512633300
0.0000010196070000
0.0000010624870600
0.0000010328641300
0.0000010199389600
0.0000010299771700
0.0000010429365600
0.0000010460496500
0.0000010540221600
0.0000010381932000
0.0000010296089400
0.0000010275240400
0.0000010485486000
0.0000010369340100
0.0000010369703900
0.0000010676185400
0.0000010472981600
0.0000010307013600
0.0000010420203600
0.0000010368708000
0.0000010239224400
0.0000010435103400
0.0000010389527500
0.0000010245412300
0.0000010571168300
0.0000010416016500
0.0000010300538000
0.0000010672231400
0.0000010049573100
0.0000010395943900
0.0000010355358900
0.0000010257146000
0.0000010199198600
0.0000010382702800
0.0000010386697800
0.0000010282799400
0.0000010171364700
0.0000010489043200
0.0000010427691000
0.0000010180530100
0.0000010456626600
0.0000010262045900
0.0000010419034900
0.0000010226573300
0.0000010400496000
0.0000010352456500
0.0000010344184600
0.0000010313143500
0.0000010241077500
0.0000010395198200
0.0000010515553900
0.0000010157069700
0.0000010328092200
0.0000010263299800
0.0000010174109100
0.0000010278597500
0.0000010202215900
0.0000010455842100
0.0000010124738300
0.0000010081562300
0.0000010366749200
0.0000010346232100
0.0000010433044500
0.0000010296553200
0.0000010323346900
0.0000010248392100
0.0000010188314300
0.0000010266481900
0.0000010367058400
0.0000010263810300
0.0000010351061500
0.0000010297386600
0.0000010235031600
0.0000010370320100
0.0000010277401500
0.0000010341726700
0.0000010187754900
0.0000010287781200
0.0000010231901800
0.0000010234401800
0.0000010204912500
0.0000010264506000
0.0000010314989800
0.0000010250490700
0.0000010481907100
0.0000010165146000
0.0000010236020700
0.0000010442607800
0.0000010017118900
0.0000010327956900
0.0000010085464100
0.0000010039424300
0.0000010125151000
0.0000009737443630
0.0000009984977400
0.0000010422605800
0.0000010077492300
0.0000010151823100
0.0000010487827900
0.0000009922709970
0.0000010364398100
0.0000010258445400
0.0000010087185300
0.0000010338870900
0.0000010128053400
0.0000010059599200
0.0000010455327100
0.0000010547476000
0.0000009992536430
0.0000010289824100
0.0000010254210600
0.0000010084766000
0.0000010344952000
0.0000010195258300
0.0000010108602700
0.0000010258345400
0.0000010020213500
0.0000010151401300
0.0000010183154000
0.0000010156189800
0.0000010394009000
0.0000009915718230
0.0000009975260580
0.0000010198448300
0.0000009784315580
0.0000010219342800
0.0000010228352500
0.0000009787942190
0.0000010322535200
0.0000010102238500
0.0000010155714600
0.0000010354320900
0.0000010028619500
0.0000010218743700
0.0000010167248100
0.0000009910859260
0.0000010327555600
0.0000009804589350
0.0000010009408700
0.0000010634075800
0.0000009818188570
0.0000010134970100
0.0000010316819000
0.0000009695828570
0.0000010517014700
0.0000010159063800
0.0000009545269670
0.0000010534264400
0.0000009720126850
0.0000010041823100
0.0000010613520100
0.0000009545367440
0.0000010138176100
0.0000010217530600
0.0000009717525690
0.0000010791981100
0.0000010123869700
0.0000009557894600
0.0000010651664300
0.0000009630008440
0.0000010224172200
0.0000010780793200
0.0000009194271220
0.0000010115667200
0.0000010433442400
0.0000009461599000
0.0000010607009200
0.0000010050423500
0.0000009547677560
0.0000010354987100
0.0000009555656100
0.0000010418582400
0.0000010774086800
0.0000009297863810
0.0000010256006800
0.0000010243881000
0.0000009399678900
0.0000010943009600
0.0000010066678400
0.0000009254921450
0.0000010722085300
0.0000009593494500
0.0000009985031970
0.0000010513359700
0.0000009258849900
0.0000010338851600
0.0000009997446570
0.0000009604171960
0.0000010905500900
0.0000009717630290
0.0000009644991220
0.0000010750571800
0.0000009259945840
0.0000010327711400
0.0000010768203500
0.0000009129695400
0.0000010472557500
0.0000010141003500
0.0000009229821100
0.0000010844975100
0.0000009816678810
0.0000009454917060
0.0000010605814400
0.0000009356578510
0.0000010028146600
0.0000010284370500
0.0000009277153480
0.0000010507176300
0.0000010019684900
0.0000009508046900
0.0000010661823400
0.0000009622461900
0.0000009782290810
0.0000010528015100
0.0000009577563560
0.0000010084770600
0.0000010092143200
0.0000009475045880
0.0000010475445200
0.0000009781435890
0.0000009543459780
0.0000010462886200
0.0000009641577210
0.0000009885512780
0.0000010440909400
0.0000009504496460
0.0000009956467010
0.0000010118249100
0.0000009575002200
0.0000010159625400
0.0000009873532460
0.0000009904156280
0.0000010115353500
0.0000009936603650
0.0000010105822000
0.0000010085073000
0.0000009828105480
0.0000010063390600
0.0000010032583800
0.0000010062490200
0.0000010279558200
0.0000009746225940
0.0000010272426600
0.0000010248333000
0.0000009634273970
0.0000010021429900
0.0000009916992670
0.0000009467600530
0.0000009750627900
0.0000009611726450
0.0000009696599360
0.0000009930413390
0.0000009730781580
0.0000009858777040
0.0000009654039560
0.0000009530337470
0.0000009906766530
0.0000009802829480
0.0000010073431400
0.0000010266808200
0.0000009501203520
0.0000009730124470
0.0000010220977600
0.0000009767535400
0.0000010236146900
0.0000010254113900
0.0000009710265660
0.0000009946697900
0.0000009840653090
0.0000009791228880
0.0000010138596700
0.0000009852670930
0.0000009733417980
0.0000009794291590
0.0000009685281830
0.0000009856341870
0.0000009847757380
0.0000009784741900
0.0000009909280150
0.0000009878012860
0.0000009934951770
0.0000009893102510
0.0000009531469800
0.0000009701707310
0.0000009733726070
0.0000009623163350
0.0000010051594500
0.0000009849294430
0.0000009572866010
0.0000009924719960
0.0000009872651380
0.0000009878408490
0.0000009926731080
0.0000009534209080
0.0000009794401880
0.0000009731768380
0.0000009614055900
0.0000010171860400
0.0000009767028360
0.0000009514613450
0.0000010017535000
0.0000009820037120
0.0000009715922720
0.0000009995644630
0.0000009760265120
0.0000009841048720
0.0000009788810760
0.0000009754945720
0.0000009968299540
0.0000009689375700
0.0000009693018230
0.0000010030081500
0.0000009657935600
0.0000009737566410
0.0000010025280500
0.0000009624488930
0.0000009724352590
0.0000009886285850
0.0000009673848350
0.0000009977731000
0.0000009840673550
0.0000009680195480
0.0000009939340080
0.0000009741301030
0.0000009702605430
0.0000009858442800
0.0000009574894190
0.0000009864609180
0.0000009814903020
0.0000009687585130
0.0000009985990340
0.0000009756041660
0.0000009678724380
0.0000009939410570
0.0000009591865360
0.0000009702664550
0.0000009952162830
0.0000009617087920
0.0000009819606250
0.0000009765100230
0.0000009677609110
0.0000009849331940
0.0000009755841570
0.0000009667159020
0.0000009865743770
0.0000009677836490
0.0000009745699570
0.0000009760190090
0.0000009725990820
0.0000009832949670
0.0000009706204760
0.0000009655733490
0.0000009802562320
0.0000009725047220
0.0000009841866130
0.0000009682214560
0.0000009666159710
0.0000009860289080
0.0000009795855930
0.0000009529537690
0.0000009823295380
0.0000009806817620
0.0000009662388720
0.0000009641931910
0.0000009764487450
0.0000009780817430
0.0000009655286700
0.0000009653000460
0.0000009834411690
0.0000009667699030
0.0000009638424670
0.0000009753996430
0.0000009763018620
0.0000009608020260
0.0000009705565840
0.0000009748744100
0.0000009730463260
0.0000009656764630
0.0000009708960530
0.0000009731475070
0.0000009700416970
0.0000009634010210
0.0000009760751700
0.0000009681365330
0.0000009689700850
0.0000009676329000
0.0000009689764510
0.0000009667447780
0.0000009694697380
0.0000009674433840
0.0000009696532290
0.0000009729553760
0.0000009607185800
0.0000009682496510
0.0000009657810550
0.0000009637744820
0.0000009713536430
0.0000009684117680
0.0000009620043780
0.0000009634494520
0.0000009665297960
0.0000009703206840
0.0000009665416200
0.0000009656263270
0.0000009620596300
0.0000009706176340
0.0000009681787100
0.0000009652713970
0.0000009696503870
0.0000009720769190
0.0000009650653960
0.0000009638107490
0.0000009671673520
0.0000009667897980
0.0000009648124430
0.0000009599729080
0.0000009571734840
0.0000009599309570
0.0000009643848670
0.0000009603555780
0.0000009639138620
0.0000009632177580
0.0000009670255850
0.0000009664570370
0.0000009687336160
0.0000009633947680
0.0000009613580690
0.0000009622295920
0.0000009576043570
0.0000009575534250
0.0000009639906010
0.0000009598558110
0.0000009584036880
0.0000009618541980
0.0000009637433320
0.0000009624408220
0.0000009627245840
0.0000009619294590
0.0000009599963280
0.0000009607113040
0.0000009609689180
0.0000009645223140
0.0000009625364320
0.0000009614599320
0.0000009598859370
0.0000009597575850
0.0000009620174520
0.0000009632061620
0.0000009632836960
0.0000009660271870
0.0000009598707040
0.0000009572438550
0.0000009577847770
0.0000009605049630
0.0000009610809000
0.0000009611092080
0.0000009610193950
0.0000009606012550
0.0000009600845490
0.0000009558096960
0.0000009585061210
0.0000009622825700
0.0000009573685700
0.0000009589994080
0.0000009625367740
0.0000009592007470
0.0000009629433180
0.0000009584817920
0.0000009589211910
0.0000009598751380
0.0000009594523360
0.0000009586262870
0.0000009588385410
0.0000009588591180
0.0000009572625000
0.0000009567258980
0.0000009559838650
0.0000009562323840
0.0000009547807160
0.0000009566062990
0.0000009571357400
0.0000009573203670
0.0000009604522120
0.0000009554119060
0.0000009567440880
0.0000009561731530
0.0000009567401090
0.0000009543991840
0.0000009573412850
0.0000009562647840
0.0000009552693420
0.0000009602757700
0.0000009539872960
0.0000009546453160
0.0000009583626480
0.0000009517238480
0.0000009524945310
0.0000009548576830
0.0000009519034730
0.0000009584127830
0.0000009574958990
0.0000009534910530
0.0000009564183760
0.0000009531689210
0.0000009548793970
0.0000009610546380
0.0000009545888130
0.0000009548678000
0.0000009551432640
0.0000009491084820
0.0000009569894250
0.0000009525624020
0.0000009509528800
0.0000009578604930
0.0000009542214910
0.0000009541886350
0.0000009585099860
0.0000009473876040
0.0000009528546910
0.0000009534658140
0.0000009498887150
0.0000009584406370
0.0000009512963290
0.0000009481833560
0.0000009517976880
0.0000009497953780
0.0000009559718140
0.0000009536010450
0.0000009484666060
0.0000009542053480
0.0000009540971180
0.0000009499871110
0.0000009540291330
0.0000009492881650
0.0000009523337780
0.0000009551584980
0.0000009469687820
0.0000009547571840
0.0000009530313600
0.0000009476390230
0.0000009543315400
0.0000009519358170
0.0000009508796660
0.0000009554651110
0.0000009477466270
0.0000009472925620
0.0000009533711700
0.0000009506113080
0.0000009527204260
0.0000009526589220
0.0000009497192080
0.0000009508310080
0.0000009511621210
0.0000009486017800
0.0000009506915150
0.0000009477078600
0.0000009517988250
0.0000009516680270
0.0000009493995200
0.0000009498644990
0.0000009497280750
0.0000009500830630
0.0000009509044500
0.0000009489332910
0.0000009498069740
0.0000009511202840
0.0000009474164810
0.0000009483823080
0.0000009504802270
0.0000009470004440
0.0000009484845120
0.0000009491856190
0.0000009485156050
0.0000009486832360
0.0000009470523420
0.0000009466991740
0.0000009467000260
0.0000009489538110
0.0000009484003840
0.0000009476997320
0.0000009463806800
0.0000009471607990
0.0000009487592930
0.0000009485108870
0.0000009471155520
0.0000009468852800
0.0000009476572130
0.0000009494760890
0.0000009480855850
0.0000009477592470
0.0000009485993350
0.0000009467057680
0.0000009479065850
0.0000009457220920
0.0000009473082510
0.0000009461737700
0.0000009451403570
0.0000009455592930
0.0000009475442080
0.0000009473106380
0.0000009457020270
0.0000009463356600
0.0000009460698030
0.0000009472040570
0.0000009462740990
0.0000009455148410
0.0000009453357280
0.0000009449580030
0.0000009461618900
0.0000009457966710
0.0000009460496240
0.0000009450609460
0.0000009458485120
0.0000009454157630
0.0000009450907890
0.0000009449032060
0.0000009448089030
0.0000009451526920
0.0000009453752340
0.0000009460363230
0.0000009462699490
0.0000009449649950
0.0000009445594740
0.0000009456607010
0.0000009429223260
0.0000009457549480
0.0000009448905870
0.0000009453113990
0.0000009448860390
0.0000009447854260
0.0000009439879700
0.0000009432129100
0.0000009441935160
0.0000009450608330
0.0000009438717250
0.0000009435470360
0.0000009448308440
0.0000009434506860
0.0000009434747310
0.0000009446231950
0.0000009439002040
0.0000009440445860
0.0000009437916900
0.0000009436388950
0.0000009428167110
0.0000009434676260
0.0000009449004770
0.0000009431932420
0.0000009437036960
0.0000009439528410
0.0000009440711890
0.0000009426105400
0.0000009425405660
0.0000009437686690
0.0000009430546010
0.0000009434280630
0.0000009418905050
0.0000009427352550
0.0000009427742490
0.0000009431411170
0.0000009443295990
0.0000009432456520
0.0000009434019710
0.0000009419616730
0.0000009424880430
0.0000009430880250
0.0000009432664000
0.0000009427366190
0.0000009431806230
0.0000009416840490
0.0000009419586600
0.0000009421642630
0.0000009424928180
0.0000009414886220
0.0000009414554820
0.0000009404446350
0.0000009406346630
0.0000009416230560
0.0000009423551430
0.0000009419210860
0.0000009410421730
0.0000009419107410
0.0000009423413870
0.0000009413379870
0.0000009407551140
0.0000009416813780
0.0000009413975590
0.0000009415416000
0.0000009419538280
0.0000009409395710
0.0000009413574840
0.0000009417779550
0.0000009421524960
0.0000009419191540
0.0000009408984730
0.0000009412011080
0.0000009412370900
0.0000009411924670
0.0000009412359530
0.0000009414304140
0.0000009407742700
0.0000009407277730
0.0000009413137150
0.0000009416155530
0.0000009410393880
0.0000009407386300
0.0000009405948160
0.0000009397248280
0.0000009398484050
0.0000009405809460
0.0000009398504510
0.0000009404067780
0.0000009404849940
0.0000009403710800
0.0000009395737940
0.0000009404590170
0.0000009399005300
0.0000009395241130
0.0000009416328900
0.0000009399542480
0.0000009397647880
0.0000009399573170
0.0000009397127200
0.0000009401970830
0.0000009411166950
0.0000009401934450
0.0000009399354890
0.0000009405871420
0.0000009391848720
0.0000009393609160
0.0000009393517080
0.0000009392479110
0.0000009394123590
0.0000009391438880
0.0000009402911020
0.0000009403105990
0.0000009392193190
0.0000009398646050
0.0000009401413760
0.0000009397401180
0.0000009401827010
0.0000009395916430
0.0000009393095290
0.0000009397405730
0.0000009390005850
0.0000009391138170
0.0000009395967590
0.0000009392514920
0.0000009393731940
0.0000009389387400
0.0000009387167660
0.0000009394316290
0.0000009384345950
0.0000009387505320
0.0000009388216990
0.0000009379934340
0.0000009393295380
0.0000009403054830
0.0000009383937250
0.0000009383636550
0.0000009386209850
0.0000009380596560
0.0000009389309520
0.0000009388744500
0.0000009382227400
0.0000009386873220
0.0000009383578570
0.0000009385020680
0.0000009387712230
0.0000009384749550
0.0000009387781570
0.0000009375394820
0.0000009380561890
0.0000009388797930
0.0000009383550710
0.0000009379928650
0.0000009380764820
0.0000009379020860
0.0000009379722310
0.0000009386115490
0.0000009385822180
0.0000009380113400
0.0000009375659150
0.0000009378264280
0.0000009387355250
0.0000009384332880
0.0000009384208960
0.0000009383180670
0.0000009381759580
0.0000009380458430
0.0000009382238200
0.0000009379084530
0.0000009380465830
0.0000009375183360
0.0000009387615020
0.0000009391216620
0.0000009382419530
0.0000009373992500
0.0000009380775050
0.0000009374366520
0.0000009375178810
0.0000009377818050
0.0000009376747690
0.0000009377550900
0.0000009380403860
0.0000009378861130
0.0000009384104940
0.0000009378789510
0.0000009383198860
0.0000009378632620
0.0000009381271290
0.0000009376712450
0.0000009375479520
0.0000009378811110
0.0000009372442370
0.0000009376170160
0.0000009374354020
0.0000009375479520
0.0000009378271670
0.0000009384323780
0.0000009379098740
0.0000009375166310
0.0000009374654160
0.0000009372268430
0.0000009376941530
0.0000009382456480
0.0000009373571860
0.0000009372279240
0.0000009380328260
0.0000009381096210
0.0000009371106550
0.0000009373703730
0.0000009375885380
0.0000009375496000
0.0000009373569580
0.0000009370457970
0.0000009365014640
0.0000009372964770
0.0000009377108080
0.0000009375597180
0.0000009368767450
0.0000009369930460
0.0000009373625290
0.0000009376717000
0.0000009377469600
0.0000009369825300
0.0000009373005120
0.0000009376282710
0.0000009371864840
0.0000009372818110
0.0000009377323520
0.0000009366364670
0.0000009368679910
0.0000009373128480
0.0000009378995850
0.0000009381693640
0.0000009368994250