0.0022381376500000
0.0022464038300000
0.0022623627400000
0.0022952961700000
0.0023354725000000
0.0023595476500000
0.0024342930400000
0.0025488608500000
0.0024675044700000
0.0023420925700000
0.0023382504000000
0.0024125052200000
0.0036951855300000
0.0063337716300000
0.0068475576100000
0.0025983846300000
0.0004119652150000
0.0067205852800000
0.0134116095000000
0.0100482823000000
0.0012199349000000
0.0057186600800000
0.0089449752100000
0.0074250940200000
0.0349146537000000
0.0713653639000000
0.0519304313000000
0.0076052662900000
0.0032692123200000
0.0151979504000000
0.0152569758000000
0.0123260701000000
0.0021742431000000
0.0055731697900000
0.0272873938000000
0.0183983576000000
0.0005300549670000
0.0353579521000000
0.0754588693000000
0.0571884289000000
0.0118340710000000
0.0072243288200000
0.0257424749000000
0.0290004089000000
0.1955306980000000
0.8238530150000000
1.7693781900000000
2.3879013100000000
2.3044440700000000
1.7162114400000000
0.9742032880000000
0.3700613380000000
0.0961901471000000
0.0852989107000000
0.0841098577000000
0.0220787134000000
0.0050724549200000
0.0360878818000000
0.0351975448000000
0.0150170317000000
0.0224506464000000
0.0366032124000000
0.0273985788000000
0.0079131657300000
0.0041384105600000
0.0120220743000000
0.0088483765700000
0.0003069158700000
0.0058553493600000
0.0138414018000000
0.0093314880500000
0.0059191910500000
0.0102715725000000
0.0098784528600000
0.0030321469500000
0.0000667955173000
0.0011789286500000
0.0010972827400000
0.0002859609960000
0.0000490825623000
0.0019932971300000
0.0085842814200000
0.0154915573000000
0.0165957119000000
0.0137782460000000
0.0099686039600000
0.0055187293300000
0.0027938264000000
0.0013385592000000
0.0001410216940000
0.0011897999800000
0.0016127642000000
0.0000696390343000
0.0080200126400000
0.0405194946000000
0.0964201912000000
0.1506146940000000
0.1707741770000000
0.1501703110000000
0.1038483830000000
0.0545408316000000
0.0263119955000000
0.0201957915000000
0.0165469758000000
0.0098703727100000
0.0081631923100000
0.0096496026900000
0.0074935155000000
0.0031873215900000
0.0036140754800000
0.0071573574000000
0.0053257034200000
0.0015728198900000
0.0033851948100000
0.0044717849200000
0.0015825543100000
0.0009622626230000
0.0017739295700000
0.0016126168200000
0.0024864114800000
0.0026418212800000
0.0009554704880000
0.0003430653600000
0.0009961472820000
0.0018522682400000
0.0030071574700000
0.0033618845000000
0.0019307150500000
0.0001913837910000
0.0009960096790000
0.0034633530300000
0.0033004975400000
0.0008984623700000
0.0001280869040000
0.0011536674600000
0.0032332870200000
0.0048693083200000
0.0028501318300000
0.0004060875510000
0.0030215757400000
0.0066126445300000
0.0062440065700000
0.0045248246800000
0.0041336291500000
0.0036452335800000
0.0020216433300000
0.0003284029080000
0.0003762527780000
0.0012463824800000
0.0009129620160000
0.0002163886820000
0.0000779588226000
0.0005499300310000
0.0024177718400000
0.0035679608100000
0.0017284551900000
0.0000595219281000
0.0003807986500000
0.0006112134430000
0.0003200107020000
0.0003489349620000
0.0008288525270000
0.0022270947200000
0.0036147213500000
0.0029780706400000
0.0009591289560000
0.0000125275683000
0.0004270845090000
0.0004079871290000
0.0000253218914000
0.0008871940080000
0.0019196326600000
0.0010538051100000
0.0002140289290000
0.0016888679200000
0.0038147149600000
0.0035700381300000
0.0016933288400000
0.0008534407240000
0.0014150101900000
0.0015689496600000
0.0008666086360000
0.0003257224160000
0.0001688454500000
0.0007578030350000
0.0027955477100000
0.0037382992500000
0.0013525734000000
0.0000894828699000
0.0022212094600000
0.0024926199100000
0.0022868244000000
0.0113534434000000
0.0260632765000000
0.0305011868000000
0.0210038535000000
0.0090821236300000
0.0027300799300000
0.0005459225500000
0.0003164118390000
0.0020675817500000
0.0038332704000000
0.0032183651300000
0.0012425136500000
0.0000967740197000
0.0001308061620000
0.0005607720810000
0.0007322539460000
0.0006077530560000
0.0004671456990000
0.0003967465020000
0.0004213361540000
0.0005259553440000
0.0004659128610000
0.0006753148630000
0.0010700218800000
0.0006152964200000
0.0000193553587000
0.0007439169570000
0.0015835196200000
0.0010586602100000
0.0002627300860000
0.0001706011390000
0.0004191584010000
0.0005351965660000
0.0004418246390000
0.0002765095270000
0.0001402616470000
0.0001091827730000
0.0004802042970000
0.0008260943580000
0.0006456229600000
0.0006405042950000
0.0012009852800000
0.0016560619700000
0.0016440900500000
0.0009478214200000
0.0000225364729000
0.0016942389800000
0.0098741445600000
0.0236172378000000
0.0333868712000000
0.0305022188000000
0.0195215121000000
0.0104849413000000
0.0056686676100000
0.0026427067400000
0.0005717593590000
0.0002528878980000
0.0017988963500000
0.0025943205700000
0.0010200241800000
0.0000245278497000
0.0009625557000000
0.0011113442000000
0.0003354235380000
0.0003241017110000
0.0005676729490000
0.0006692091700000
0.0008304912480000
0.0006813205540000
0.0003100210450000
0.0001477090120000
0.0004148908770000
0.0008806698020000
0.0007163534170000
0.0003190768480000
0.0005528641050000
0.0006301336690000
0.0003169749110000
0.0008278748140000
0.0017071776100000
0.0015295010500000
0.0008224442720000
0.0008265966900000
0.0012704326100000
0.0010298759400000
0.0004733175160000
0.0007979328510000
0.0013640871000000
0.0015421487600000
0.0020258370800000
0.0019263009300000
0.0006059475710000
0.0008987162720000
0.0030880225800000
0.0021964320900000
0.0020049915200000
0.0229485054000000
0.0759911314000000
0.1302657280000000
0.1365748350000000
0.0865674987000000
0.0273805726000000
0.0011329955900000
0.0040173023000000
0.0087613342300000
0.0049149687400000
0.0004488835980000
0.0005338896300000
0.0016511918500000
0.0010502483900000
0.0001740263980000
0.0002848104340000
0.0009617424220000
0.0015634129500000
0.0015637921200000
0.0008679466550000
0.0001496551120000
0.0000255365430000
0.0001608117600000
0.0001510673030000
0.0000948372617000
0.0001063417800000
0.0001023774600000
0.0000732498011000
0.0000496374960000
0.0000144104552000
0.0000212523573000
0.0001285801700000
0.0002352096930000
0.0002193994440000
0.0001297205310000
0.0000649879948000
0.0000336957310000
0.0000110729743000
0.0000281404809000
0.0000836107428000
0.0001019849810000
0.0000537702363000
0.0000321651351000
0.0001098080100000
0.0002027638110000
0.0001919484930000
0.0001030812780000
0.0000860034269000
0.0001200559560000
0.0001076894400000
0.0003613477750000
0.0014158710800000
0.0029870758300000
0.0036649480500000
0.0025953813500000
0.0008979522390000
0.0002028554150000
0.0006419448760000
0.0010663945000000
0.0008230065000000
0.0003400321290000
0.0001741021990000
0.0002361702940000
0.0002081165150000
0.0001186114460000
0.0001416338490000
0.0002071622730000
0.0001689882920000
0.0001256458200000
0.0001563296390000
0.0001647328030000
0.0001044002130000
0.0000458786708000
0.0000085275050800
0.0000068374165500
0.0000889413204000
0.0002218971200000
0.0002817283380000
0.0002096484970000
0.0000999736512000
0.0000488097285000
0.0000625011744000
0.0000865729889000
0.0000914318080000
0.0000604538291000
0.0000107639980000
0.0000341354025000
0.0001607855520000
0.0002994223610000
0.0003439237480000
0.0002587414930000
0.0001038442500000
0.0000022325862100
0.0000941153339000
0.0003044181790000
0.0004091722080000
0.0002986136530000
0.0002162438320000
0.0002615852860000
0.0002090895430000
0.0000119734414000
0.0004336306590000
0.0020918296700000
0.0041636517300000
0.0048792753400000
0.0036668635400000
0.0017452254000000
0.0004788835650000
0.0000984861035000
0.0001251931970000
0.0001708735800000
0.0001363442720000
0.0001181126280000
0.0002143835010000
0.0003432875090000
0.0003127293310000
0.0001670390630000
0.0000932106631000
0.0001163973570000
0.0001122625040000
0.0000541811896000
0.0000120465120000
0.0000022988178900
0.0000032145956100
0.0000129291493000
0.0000303240668000
0.0000297056813000
0.0000050374260400
0.0000090993153200
0.0000742742631000
0.0001485741670000
0.0001684928720000
0.0001593024500000
0.0001855994920000
0.0002770453280000
0.0003516212750000
0.0003410191280000
0.0002682198830000
0.0002328342380000
0.0002216073340000
0.0001612581980000
0.0000712151959000
0.0000442625060000
0.0000773491047000
0.0000788384568000
0.0000324811444000
0.0000100801572000
0.0000293320682000
0.0000378455516000
0.0000179527706000
0.0000113066189000
0.0000316432997000
0.0000648228961000
0.0000991401248000
0.0001075962720000
0.0000612245785000
0.0000021577232000
0.0000428223575000
0.0001565416020000
0.0001865919330000
0.0000957386000000
0.0000124972885000
0.0000041809903500
0.0000180303632000
0.0000185933441000
0.0000218758942000
0.0000181047617000
0.0000021983869400
0.0000079808460200
0.0000331947122000
0.0000359169208000
0.0000153465917000
0.0000040187619600
0.0000019645501700
0.0000019849098900
0.0000121825296000
0.0000202270148000
0.0000081459147600
0.0000006791061650
0.0000218958357000
0.0000486178287000
0.0000542071975000
0.0000485566961000
0.0000401640573000
0.0000263310922000
0.0000106419693000
0.0000025560621000
0.0000019364406400
0.0000087522230300
0.0000258222863000
0.0000356269484000
0.0000158221210000
0.0000013293099500
0.0000184742694000
0.0000211566876000
0.0000123377049000
0.0001086710620000
0.0002337476620000
0.0002255710860000
0.0006114285210000
0.0024562394200000
0.0054421024400000
0.0071815671400000
0.0059599778600000
0.0030336605900000
0.0008702074410000
0.0001665137390000
0.0002142832380000
0.0005736974420000
0.0009683839740000
0.0008927148300000
0.0003662697850000
0.0000382825201000
0.0000762282870000
0.0000953028211000
0.0000096841376900
0.0000349886104000
0.0001170235990000
0.0000897987265000
0.0000229750876000
0.0000292535860000
0.0000585525304000
0.0000495280547000
0.0000218838850000
0.0000083551649300
0.0000129086447000
0.0000259538665000
0.0000336060730000
0.0000397493641000
0.0000357909230000
0.0000146494585000
0.0000088336682800
0.0000346368797000
0.0000460096489000
0.0000222110539000
0.0000125462202000
0.0000239946130000
0.0000200106952000
0.0000145873828000
0.0000342247440000
0.0000488144760000
0.0000292241748000
0.0000066835405000
0.0000051844535800
0.0000112726730000
0.0000197935587000
0.0000329170907000
0.0000353735813000
0.0000381301325000
0.0000701509634000
0.0001207660680000
0.0001369401580000
0.0000859691062000
0.0000215466789000
0.0000006765400830
0.0000132228233000
0.0000146224147000
0.0000026994980500
0.0000013954929700
0.0000099492945000
0.0000146524953000
0.0000167044691000
0.0000189008551000
0.0000166518948000
0.0000097818465300
0.0000062939980100
0.0000098465052300
0.0000152092134000
0.0000121412049000
0.0000067802334300
0.0000057414872600
0.0000114810900000
0.0000143458074000
0.0000086990112300
0.0000033863036600
0.0000107475835000
0.0000204605749000
0.0000140506872000
0.0000028103118000
0.0000068542135500
0.0000160349573000
0.0000089569603000
0.0000002012232730
0.0000095491877800
0.0000181428677000
0.0000118523067000
0.0000061599994300
0.0000078735838500
0.0000082815349700
0.0000117259706000
0.0000176129797000
0.0000108723925000
0.0000051673905500
0.0000199090864000
0.0000317171434000
0.0000254432125000
0.0000524451934000
0.0001560453090000
0.0003358811370000
0.0005929773910000
0.0008661070020000
0.0009671441510000
0.0007338206050000
0.0003591861170000
0.0002242516350000
0.0004077049960000
0.0005909064780000
0.0004676272510000
0.0001582276890000
0.0000061766036200
0.0000674955081000
0.0001142865590000
0.0000544841241000
0.0000033571805000
0.0000095759814900
0.0000210021408000
0.0000123390082000
0.0000061521109300
0.0000122568063000
0.0000186408433000
0.0000230531004000
0.0000186332618000
0.0000056642975300
0.0000097322454100
0.0000307463779000
0.0000293395733000
0.0000074450508700
0.0000092385098400
0.0000390566602000
0.0000468857106000
0.0000200687300000
0.0000026885777500
0.0000115099201000
0.0000161041298000
0.0000099306926100
0.0000112804455000
0.0000189814909000
0.0000157109043000
0.0000056420553800
0.0000057794136400
0.0000093002527100
0.0000060471270400
0.0000067505388900
0.0000113439246000
0.0000075851821700
0.0000008398326940
0.0000045289816600
0.0000142013259000
0.0000105300633000
0.0000025331951300
0.0000131692741000
0.0000373287221000
0.0000422531157000
0.0000243337508000
0.0000216657681000
0.0000587993563000
0.0000965812651000
0.0000879700310000
0.0000550157456000
0.0000375648560000
0.0000308320668000
0.0000182053918000
0.0000040132245000
0.0000005231186720
0.0000044104181100
0.0000125814886000
0.0000248518591000
0.0000270250421000
0.0000156003480000
0.0000047251169200
0.0000044252437900
0.0000059638105100
0.0000063219017600
0.0000089217401100
0.0000088055512600
0.0000028835388500
0.0000014493549500
0.0000064492223800
0.0000054808779200
0.0000008795119580
0.0000046291711400
0.0000115283055000
0.0000097978627300
0.0000039099227300
0.0000031727809100
0.0000055883742800
0.0000041665030000
0.0000015221459100
0.0000046658251400
0.0000072650536800
0.0000028810791300
0.0000039209389800
0.0000177521342000
0.0000207815065000
0.0000044498906400
0.0000032411030600
0.0000216119188000
0.0000195208831000
0.0000018515266900
0.0000095793184300
0.0000203971777000
0.0000045529022800
0.0000283194804000
0.0001272802470000
0.0002000568930000
0.0001908953130000
0.0002149407370000
0.0003261931420000
0.0003840013230000
0.0002842915710000
0.0001282463490000
0.0000367689136000
0.0000107888009000
0.0000201070034000
0.0000475405759000
0.0000547052332000
0.0000236206051000
0.0000027199812400
0.0000152452239000
0.0000257335123000
0.0000143836214000
0.0000056286098700
0.0000093083654000
0.0000111565469000
0.0000070836026600
0.0000028072386200
0.0000049971063200
0.0000104653964000
0.0000094860442900
0.0000030135147400
0.0000060873530900
0.0000159915216000
0.0000130741382000
0.0000035412069800
0.0000067083874500
0.0000135151204000
0.0000082823171300
0.0000030229632600
0.0000069500629300
0.0000092502687000
0.0000056183653200
0.0000056738103900
0.0000127728663000
0.0000186970101000
0.0000168380648000
0.0000077695449400
0.0000029914813200
0.0000086070549500
0.0000133928970000
0.0000087192811400
0.0000054112906600
0.0000108017466000
0.0000150243250000
0.0000124662283000
0.0000086627724100
0.0000079009951100
0.0000078639532100
0.0000092445834500
0.0000124839544000
0.0000122026859000
0.0000070934484000
0.0000035322320900
0.0000029233644900
0.0000043232944300
0.0000134499724000
0.0000292234163000
0.0000357359640000
0.0000248248234000
0.0000097154261300
0.0000053508074400
0.0000093907883600
0.0000098729715300
0.0000065351237000
0.0000058006239700
0.0000073592696000
0.0000071579488600
0.0000066575262200
0.0000074895688100
0.0000081116922900
0.0000079024357500
0.0000089078357600
0.0000104663086000
0.0000089505556300
0.0000055994087200
0.0000055986670300
0.0000096753065000
0.0000118131538000
0.0000096798994500
0.0000079478486400
0.0000080840909500
0.0000061463006200
0.0000039251249300
0.0000089810891900
0.0000158318944000
0.0000141393630000
0.0000091338561100
0.0000103342300000
0.0000131957468000
0.0000127516332000
0.0000129511081000
0.0000153525743000
0.0000201379808000
0.0000258735745000
0.0000183438642000
0.0000045626561600
0.0000285870265000
0.0001251198560000
0.0002413621260000
0.0002735681770000
0.0001898435440000
0.0000743990312000
0.0000121993899000
0.0000051820402400
0.0000088175829600
0.0000075708508100
0.0000083996328600
0.0000077792146800
0.0000042391275200
0.0000063591137400
0.0000116026858000
0.0000082612396000
0.0000022744948200
0.0000060813731600
0.0000115092198000
0.0000076453434300
0.0000029876025600
0.0000026823424800
0.0000023791426400
0.0000029704724500
0.0000068276945000
0.0000096642625000
0.0000071664976500
0.0000039647038600
0.0000031135496100
0.0000040387963100
0.0000046244031200
0.0000044403932400
0.0000044825369500
0.0000055563614300
0.0000080617692200
0.0000075852562900
0.0000042350902700
0.0000030162655100
0.0000044022776800
0.0000054897909600
0.0000061515315800
0.0000071832510000
0.0000067224050300
0.0000050097078200
0.0000039750384500
0.0000040722989100
0.0000048858619300
0.0000054544011600
0.0000055236814700
0.0000050515791400
0.0000055550290200
0.0000065820909200
0.0000058558293900
0.0000043498653200
0.0000052587238300
0.0000061416058100
0.0000041019625300
0.0000021929286000
0.0000045253618700
0.0000072505572500
0.0000063547395300
0.0000040058939700
0.0000035301513900
0.0000034793704300
0.0000018155072900
0.0000024706776000
0.0000076625819900
0.0000114954437000
0.0000095312880100
0.0000067482392200
0.0000057156526100
0.0000053980447800
0.0000057259512700
0.0000063700754300
0.0000067511045900
0.0000056452345200
0.0000048540346100
0.0000050822291100
0.0000049959803600
0.0000049198765700
0.0000068619797200
0.0000087764419700
0.0000092769323600
0.0000082884143900
0.0000066738239200
0.0000063622942400
0.0000070098485600
0.0000068424824300
0.0000056234639500
0.0000052976852200
0.0000059222506900
0.0000051207912300
0.0000043218128700
0.0000075831408100
0.0000109857574000
0.0000092185400700
0.0000052962532200
0.0000056877429400
0.0000090000248700
0.0000080082818400
0.0000034875108700
0.0000031902202400
0.0000060614625000
0.0000051145866600
0.0000059316230400
0.0000164650774000
0.0000244508446000
0.0000172576711000
0.0000127357007000
0.0000245388546000
0.0000343852225000
0.0000239276833000
0.0000081931511900
0.0000019151445900
0.0000006052255230
0.0000000901614001
0.0000021329019500
0.0000035668513200
0.0000029678406000
0.0000045829151500
0.0000066533052600
0.0000048806168700
0.0000021112985000
0.0000021500914000
0.0000025282117800
0.0000030042238000
0.0000041359930900
0.0000028477691100
0.0000007893396510
0.0000023741779400
0.0000054360180000
0.0000053502385500
0.0000036958767900
0.0000030915671200
0.0000037870054300
0.0000044631792700
0.0000046251311700
0.0000037962586200
0.0000034441015900
0.0000040228519500
0.0000038006519400
0.0000023442141800
0.0000021162707100
0.0000033879919100
0.0000037983081700
0.0000035015875700
0.0000046080072000
0.0000057355086900
0.0000047421658600
0.0000038258244800
0.0000040219547400
0.0000040757759100
0.0000032364973800
0.0000028257436500
0.0000033355613600
0.0000036909284500
0.0000033353849200
0.0000032161272000
0.0000038137191000
0.0000039719689100
0.0000036970095600
0.0000038244561400
0.0000042320884900
0.0000040602431000
0.0000038698722200
0.0000036038086400
0.0000036536953300
0.0000034710058100
0.0000033151150100
0.0000034159818400
0.0000036076448900
0.0000035788848400
0.0000038079492700
0.0000040352192600
0.0000041506796200
0.0000040345694300
0.0000036843750900
0.0000030896446800
0.0000026337695500
0.0000030504504600
0.0000040387903900
0.0000044243556700
0.0000039127162400
0.0000035796613200
0.0000038219755000
0.0000040707605000
0.0000039479064100
0.0000041104713100
0.0000044611792900
0.0000040555251000
0.0000035494940700
0.0000039443575600
0.0000046131544900
0.0000047806242900
0.0000046629566000
0.0000042772094300
0.0000037117044900
0.0000034873889900
0.0000034444647100
0.0000033924807200
0.0000032614123000
0.0000027968255800
0.0000028279980600
0.0000031027696000
0.0000030635392200
0.0000030823782700
0.0000034336108000
0.0000038248636000
0.0000043784361900
0.0000043415498100
0.0000038216599000
0.0000030182129600
0.0000026273307900
0.0000027621322300
0.0000030476464900
0.0000028694541900
0.0000020557183700
0.0000009189622570
0.0000005446372600
0.0000018012247000
0.0000038587641000
0.0000050085523100
0.0000049186428400
0.0000044598350500
0.0000043300324300
0.0000041009775500
0.0000039831452300
0.0000039382002800
0.0000038296998400
0.0000033719836700
0.0000031353779400
0.0000033666819900
0.0000037633947200
0.0000039983242500
0.0000042831188700
0.0000042847823400
0.0000037979666600
0.0000033101016500
0.0000028155384400
0.0000028274903300
0.0000030621333700
0.0000029759721700
0.0000027247244800
0.0000028741883400
0.0000031601059600
0.0000034489689800
0.0000035372324900
0.0000034451054500
0.0000034454249100
0.0000033595408700
0.0000033715005000
0.0000031122140200
0.0000029712168700
0.0000031158585900
0.0000032268933400
0.0000031283507300
0.0000032904990800
0.0000032376901800
0.0000030555090700
0.0000032880907400
0.0000034778108800
0.0000032687232800
0.0000032516886700
0.0000032338216400
0.0000031896649900
0.0000032851362400
0.0000033309590900
0.0000033471260400
0.0000032641364700
0.0000032428297300
0.0000032131381400
0.0000032319133000
0.0000031527197300
0.0000031119882400
0.0000032495515800
0.0000031826903100
0.0000030089047400
0.0000031639826800
0.0000031337249300
0.0000031747204000
0.0000031885879300
0.0000030472595000
0.0000031225772500
0.0000031840445400
0.0000031924832900
0.0000030755306900
0.0000032328816800
0.0000031179433800
0.0000029613388500
0.0000029853067600
0.0000030762798800
0.0000031309375600
0.0000031469298800
0.0000029166408200
0.0000028583228900
0.0000030212243000
0.0000031163383500
0.0000029059465300
0.0000031365384500
0.0000030575433800
0.0000029561292600
0.0000031064803400
0.0000030631970300
0.0000029824591400
0.0000031338715900
0.0000030591641000
0.0000029555728800
0.0000029595382800
0.0000030627079500
0.0000029162779400
0.0000028793278900
0.0000030110377300
0.0000028533288500
0.0000029200841700
0.0000030441294700
0.0000030174667200
0.0000029522755100
0.0000030009409800
0.0000029427403700
0.0000029550165000
0.0000029131188100
0.0000029178770500
0.0000029075611100
0.0000029056050200
0.0000030035773800
0.0000030119672400
0.0000028442650500
0.0000027549156100
0.0000028619354000
0.0000028391409600
0.0000028542951900
0.0000028891317900
0.0000028021954700
0.0000028459310200
0.0000028311089900
0.0000028752042500
0.0000028376507500
0.0000029453087800
0.0000028503882300
0.0000028519089000
0.0000028267645600
0.0000027908665700
0.0000028476047200
0.0000029250884400
0.0000027760893300
0.0000026721863800
0.0000027621658800
0.0000028505758100
0.0000028438464600
0.0000028296399300
0.0000026554330400
0.0000027759540400
0.0000028510503400
0.0000028393840200
0.0000028853135100
0.0000028558906700
0.0000027435535200
0.0000026883610600
0.0000027704602400
0.0000028288295700
0.0000027267774400
0.0000026353793600
0.0000026799639300
0.0000027513308400
0.0000027554251600
0.0000026761476900
0.0000027940689100
0.0000027133085000
0.0000025877568500
0.0000027640717200
0.0000028988574700
0.0000026904308500
0.0000026556315300
0.0000026828104200
0.0000027349315100
0.0000027464016100
0.0000027032310800
0.0000025718538800
0.0000024902999500
0.0000026675447800
0.0000026518403000
0.0000024741968900
0.0000025848064500
0.0000026466625500
0.0000025805613900
0.0000026606564900
0.0000027274481900
0.0000026462239500
0.0000027180303700
0.0000026737091000
0.0000025429415000
0.0000025720321400
0.0000025443744100
0.0000026507739200
0.0000026304467200
0.0000025343840700
0.0000027226012700
0.0000027079261100
0.0000026166869700
0.0000026479419800
0.0000025567735500
0.0000024130622500
0.0000026337472700
0.0000025959200200
0.0000024938819900
0.0000026128507200
0.0000025099750500
0.0000024176890700
0.0000025796002800
0.0000024968305800
0.0000025247402400
0.0000026275004100
0.0000025704307500
0.0000025467095400
0.0000026374227700
0.0000023902857700
0.0000024230209900
0.0000025946569600
0.0000022094859600
0.0000024130338300
0.0000026606271600
0.0000022864692300
0.0000023586817400
0.0000025935091800
0.0000023696673000
0.0000024679086400
0.0000028027916400
0.0000023915820300
0.0000023831098600
0.0000025622980500
0.0000022517726800
0.0000023032187100
0.0000025519568700
0.0000023458712800
0.0000025682766100
0.0000024888979600
0.0000021808859900
0.0000025572387600
0.0000022937460900
0.0000021257817500
0.0000026935795200
0.0000024887165200
0.0000021415073700
0.0000027091339200
0.0000025366957700
0.0000021980101800
0.0000025872880100
0.0000023127649900
0.0000022166693700
0.0000026265770400
0.0000022151332400
0.0000019680926500
0.0000027958851700
0.0000024681132800
0.0000021324081000
0.0000024326398000
0.0000022578792600
0.0000023090344700
0.0000025467770700
0.0000022238643900
0.0000024972998700
0.0000026539380500
0.0000021731164000
0.0000022967938100
0.0000024688636100
0.0000020866066300
0.0000023406867100
0.0000023841355400
0.0000021333073600
0.0000025491642600
0.0000025005706400
0.0000021221972000
0.0000024057951600
0.0000025453177800
0.0000022673227700
0.0000022197518800
0.0000021827879700
0.0000022548345000
0.0000023922734700
0.0000021747791800
0.0000020855848100
0.0000023406153100
0.0000023102454600
0.0000022745018700
0.0000022753045000
0.0000023125242000
0.0000024426010400
0.0000023946524800
0.0000021362013700
0.0000022297654100
0.0000024424314200
0.0000023137158700
0.0000022134036000
0.0000022110416500
0.0000020757672700
0.0000021779196700
0.0000022308615800
0.0000021482849200
0.0000021654300300
0.0000021486766900
0.0000021202563400
0.0000022894234900
0.0000022470369500
0.0000020576762800
0.0000023736140500
0.0000023426223400
0.0000019711401400
0.0000020970346700
0.0000024001938100
0.0000021736693700
0.0000020678296600
0.0000020783911600
0.0000023121283400
0.0000023936695500
0.0000021057808200
0.0000021105804500
0.0000023663640100
0.0000021521611900
0.0000020028448900
0.0000023059358200
0.0000023901584400
0.0000019433869100
0.0000019447484200
0.0000023406412300
0.0000023700379200
0.0000020878960600
0.0000020129348300
0.0000023618260900
0.0000022579117700
0.0000018124194400
0.0000019944275200
0.0000023235022600
0.0000022236520200
0.0000019374826900
0.0000020548857300
0.0000022354943200
0.0000020564973500
0.0000018696131300
0.0000021989349100
0.0000023784859900
0.0000019856452100
0.0000018668283700
0.0000022168753700
0.0000022350536700
0.0000018741648100
0.0000019844951600
0.0000022224523900
0.0000022090268900
0.0000019499550500
0.0000020240361200
0.0000022137619500
0.0000021443186100
0.0000018974477600
0.0000020829381800
0.0000022304088800
0.0000021052744600
0.0000019129058700
0.0000019819920000
0.0000020753764100
0.0000019767310300
0.0000020466791300
0.0000021714008700
0.0000018838413800
0.0000018669262500
0.0000021255973500
0.0000021175815200
0.0000019942288000
0.0000019891449500
0.0000019233816600
0.0000021684454600
0.0000020212839900
0.0000017952595500
0.0000020072036500
0.0000020730572000
0.0000019728331600
0.0000019369999800
0.0000019661345000
0.0000020074455700
0.0000020439388200
0.0000019206463500
0.0000020044578800
0.0000020370537200
0.0000019046888200
0.0000018047817300
0.0000020141919800
0.0000021214170800
0.0000019555061500
0.0000019152491900
0.0000020094544200
0.0000020063212100
0.0000019381091100
0.0000018530706700
0.0000021078030800
0.0000020743884800
0.0000018863587500
0.0000018238238200
0.0000019453575500
0.0000019782144100
0.0000019669983000
0.0000018944164100
0.0000019637366200
0.0000020385200500
0.0000019410706500
0.0000018738995800
0.0000020249760800
0.0000019126250700
0.0000018186880200
0.0000018781705600
0.0000019252302100
0.0000019822011800
0.0000019705094000
0.0000018819184800
0.0000019450540100
0.0000019422161600
0.0000019097158200
0.0000019475824000
0.0000020112906900
0.0000019334693200
0.0000019215356100
0.0000018987017300
0.0000018459609200
0.0000019508474900
0.0000019316248700
0.0000018132482200
0.0000018301620900
0.0000018327951900
0.0000018609569000
0.0000018325030200
0.0000018013835200
0.0000019000400500
0.0000018563000600
0.0000018125965700
0.0000017814182900
0.0000017900539400
0.0000018727757800
0.0000018639666500
0.0000018058709700
0.0000018079998700
0.0000018235564300
0.0000018150110500
0.0000017504456800
0.0000017509202100
0.0000018067919400
0.0000018424947300
0.0000018460357300
0.0000018827265600
0.0000017614303300
0.0000017420626400
0.0000018149199800
0.0000018086857400
0.0000017487982400
0.0000018528869500
0.0000018337680100
0.0000018250509600
0.0000018650700900
0.0000018463788400
0.0000017820143500
0.0000017428216100
0.0000017893723900
0.0000017500037800
0.0000017508751900
0.0000018315058700
0.0000017807881200
0.0000018165553700
0.0000018387322600
0.0000017832205700
0.0000017320728600
0.0000017764400600
0.0000016797868100
0.0000017543067100
0.0000018187662400
0.0000017662016500
0.0000017283692800
0.0000017333143200
0.0000016632827700
0.0000017814383000
0.0000018194994000
0.0000017645387500
0.0000017723144800
0.0000017586086200
0.0000017181855600
0.0000017227845300
0.0000017857892100
0.0000017926273600
0.0000017045255200
0.0000018032214900
0.0000017456089800
0.0000017846235800
0.0000017492277500
0.0000017085119500
0.0000017728644900
0.0000017629570300
0.0000016950044700
0.0000017229039000
0.0000017133405700
0.0000017204317800
0.0000016981541600
0.0000017520176200
0.0000016488775100
0.0000016796827800
0.0000017107321400
0.0000016580557900
0.0000016708318100
0.0000017191005100
0.0000016591927800
0.0000017310767400
0.0000017072252400
0.0000016991172100
0.0000016652858200
0.0000017118359200
0.0000016852601400
0.0000016691252500
0.0000016196734100
0.0000016945757600
0.0000017136476300
0.0000016091212300
0.0000016715096100
0.0000017084235000
0.0000016618427000
0.0000016606728700
0.0000017171458900
0.0000016379627800
0.0000015884974100
0.0000016429949000
0.0000016824383200
0.0000015552337800
0.0000017149660600
0.0000016640616400
0.0000015870934900
0.0000016118353900
0.0000016272970200
0.0000016611850200
0.0000016379805200
0.0000015872685700
0.0000015995475500
0.0000016477893000
0.0000016623945400
0.0000015877496900
0.0000015887725300
0.0000016050727300
0.0000016770045500
0.0000016807921400
0.0000015598783400
0.0000015868645300
0.0000015745723700
0.0000015223407700
0.0000015907468200
0.0000016693150000
0.0000015869410400
0.0000015008840800
0.0000015593544700
0.0000016012011200
0.0000016971106300
0.0000015792660400
0.0000014364835600
0.0000015090709000
0.0000017142710900
0.0000016467989800
0.0000015644823200
0.0000015955561100
0.0000015696068700
0.0000016095292500
0.0000016060901100
0.0000015492385000
0.0000016490263300
0.0000016053635400
0.0000014537459900
0.0000016208363100
0.0000017059665000
0.0000015507855600
0.0000015492329300
0.0000015709549600
0.0000015596016300
0.0000016734915100
0.0000016477592900
0.0000015927566900
0.0000016255681900
0.0000014939316800
0.0000015215139200
0.0000016127049800
0.0000014954126800
0.0000014837833100
0.0000017194936400
0.0000015413708100
0.0000015100407600
0.0000016209302200
0.0000015681021100
0.0000014668693200
0.0000015163182100
0.0000015347939100
0.0000015769089700
0.0000015004957300
0.0000014603615500
0.0000015401949400
0.0000015215297300
0.0000013554179100
0.0000014267465100
0.0000014771529800
0.0000013458001100
0.0000014900332400
0.0000015558242700
0.0000014791861500
0.0000014589859300
0.0000014956136700
0.0000014502875300
0.0000015164108600
0.0000015224957200
0.0000014901196400
0.0000014880894200
0.0000015357187500
0.0000015402627000
0.0000015777945900
0.0000014399571500
0.0000015597974000
0.0000015587144200
0.0000014288698400
0.0000015140944900
0.0000015641871900
0.0000014767957700
0.0000015036631600
0.0000015237454800
0.0000014579056800
0.0000014902025200
0.0000014627204300
0.0000014626474500
0.0000014969905400
0.0000015481852000
0.0000014921593000
0.0000014965102100
0.0000015349166900
0.0000015032165900
0.0000014592798200
0.0000014459957400
0.0000014941233500
0.0000014509462300
0.0000014521846200
0.0000014495325300
0.0000015271407400
0.0000014244470800
0.0000014816220100
0.0000014588329100
0.0000014716552000
0.0000014223044200
0.0000014757395100
0.0000014626059500
0.0000014373382600
0.0000014729257600
0.0000014923974700
0.0000014284445300
0.0000014846389100
0.0000014559354900
0.0000014495623200
0.0000014828544900
0.0000014925944900
0.0000014121862900
0.0000014448158900
0.0000014754325500
0.0000013852958300
0.0000014415617200
0.0000015248108400
0.0000013631998900
0.0000013839668300
0.0000014443882000
0.0000013499346800
0.0000014246874100
0.0000014987307400
0.0000014315928600
0.0000014454657300
0.0000014978370500
0.0000013739919500
0.0000014664336700
0.0000015143691600
0.0000013433441400
0.0000014220100900
0.0000014165375400
0.0000013214305500
0.0000014324763200
0.0000014028983100
0.0000012620098500
0.0000013911011400
0.0000012933359100
0.0000012045413800
0.0000013500938400
0.0000013706280700
0.0000013823875000
0.0000014115299800
0.0000013776536900
0.0000014868534200
0.0000015078236400
0.0000013301713600
0.0000014839785100
0.0000015246946500
0.0000012834208300
0.0000013830193700
0.0000013882371400
0.0000012534069400
0.0000014323753700
0.0000014018243100
0.0000013097494500
0.0000015175180600
0.0000014097978500
0.0000012445414100
0.0000014664743700
0.0000013598718200
0.0000011551972000
0.0000014334542600
0.0000013540689000
0.0000012604465400
0.0000014284190700
0.0000013508625900
0.0000012886733900
0.0000013883648100
0.0000012370426200
0.0000012585995800
0.0000013751295000
0.0000012314918600
0.0000012721417300
0.0000013666649500
0.0000012981558900
0.0000013384645900
0.0000014559096800
0.0000013583282900
0.0000013651795100
0.0000013772403200
0.0000012952273200
0.0000013596311400
0.0000013964779600
0.0000013212003300
0.0000014239676600
0.0000014506464400
0.0000013350622800
0.0000013984795300
0.0000014326736800
0.0000013876866700
0.0000014083991600
0.0000013546526800
0.0000013184097700
0.0000013474161700
0.0000013424052000
0.0000013032853300
0.0000013638880300
0.0000013030777400
0.0000012707626000
0.0000013176369300
0.0000012824944000
0.0000012828979800
0.0000013579897300
0.0000012904273500
0.0000012851272700
0.0000013377825800
0.0000013192005800
0.0000012938444300
0.0000013127827300
0.0000013136427700
0.0000012531486400
0.0000013076228200
0.0000012677886600
0.0000012540570000
0.0000013569181200
0.0000013005355900
0.0000012278920800
0.0000012772915200
0.0000012832350600
0.0000012838966100
0.0000013137283800
0.0000012872112600
0.0000012687756900
0.0000012152410100
0.0000012202555100
0.0000012629531100
0.0000012648384900
0.0000012938023700
0.0000012433963500
0.0000013346407300
0.0000013173369100
0.0000012271481200
0.0000012745542800
0.0000012780915300
0.0000012706229900
0.0000012489611000
0.0000012624760800
0.0000012226528300
0.0000012893908700
0.0000012853366800
0.0000012834584600
0.0000013560612600
0.0000013346973400
0.0000012891555300
0.0000012937192700
0.0000012426485200
0.0000011611218700
0.0000012610535100
0.0000011943930100
0.0000012167524800
0.0000013111878200
0.0000012759703600
0.0000012367035000
0.0000013098628000
0.0000012067602000
0.0000012425557500
0.0000013003274300
0.0000012144565700
0.0000012049400800
0.0000011838433200
0.0000011671508000
0.0000012353024200
0.0000012788923400
0.0000011770569000
0.0000012829555100
0.0000013061595600
0.0000011314577900
0.0000012184070800
0.0000011976062500
0.0000011548168000
0.0000012505236100
0.0000012448103900
0.0000012177954400
0.0000012679009800
0.0000011881123800
0.0000011930916300
0.0000012213030200
0.0000011284789700
0.0000011950580800
0.0000012610090600
0.0000011987240200
0.0000012499853000
0.0000013058422600
0.0000012520688400
0.0000012280511300
0.0000012368910800
0.0000011168265200
0.0000011517776100
0.0000011378632500
0.0000010973859600
0.0000012021432700
0.0000011631535700
0.0000011416167400
0.0000012526664900
0.0000012456002900
0.0000012072450800
0.0000012466907700
0.0000011296070900
0.0000011841197000
0.0000012779079300
0.0000011152593500
0.0000011979904000
0.0000013062300500
0.0000011451585400
0.0000011511904200
0.0000012656208800
0.0000011729281400
0.0000011223812600
0.0000012535711000
0.0000011632020000
0.0000011980992000
0.0000012100280200
0.0000011601631500
0.0000012367137300
0.0000011977595000
0.0000011480240100
0.0000011944577000
0.0000012009240900
0.0000011905000300
0.0000012022418300
0.0000011436702600
0.0000011547551800
0.0000012013654200
0.0000011522904500
0.0000011143226900
0.0000011954342700
0.0000011817912800
0.0000012044788500
0.0000011700069500
0.0000011043238100
0.0000011442754200
0.0000012410629300
0.0000011415580700
0.0000011198845900
0.0000012069054900
0.0000011345655400
0.0000011475199200
0.0000011852259800
0.0000011099850800
0.0000011807484300
0.0000011561354500
0.0000010688444300
0.0000011309514300
0.0000012085721400
0.0000011683413300
0.0000011505488800
0.0000010966339200
0.0000011094182400
0.0000012312243600
0.0000011609334900
0.0000010837378600
0.0000011889462700
0.0000011335495200
0.0000010844670400
0.0000012287507600
0.0000011462301500
0.0000010786867500
0.0000011884102400
0.0000010922083200
0.0000011122133400
0.0000012686430200
0.0000010779097000
0.0000010231897200
0.0000011581282700
0.0000010941465700
0.0000012031291600
0.0000011713700600
0.0000009790391000
0.0000011180279700
0.0000012183566000
0.0000010915232500
0.0000011099532500
0.0000010784386900
0.0000010122231500
0.0000011786919500
0.0000011193271800
0.0000010810337000
0.0000011296298200
0.0000010881075200
0.0000010537146400
0.0000011743876500
0.0000011165580000
0.0000010686143200
0.0000010798975200
0.0000010389278500
0.0000011530605700
0.0000011320071300
0.0000010694680000
0.0000011985500800
0.0000011419329000
0.0000009584761070
0.0000011512876200
0.0000011448294100
0.0000010072175200
0.0000011109432300
0.0000012134161100
0.0000010395957600
0.0000010564044700
0.0000010563303500
0.0000010737117000
0.0000011156809000
0.0000010942545700
0.0000010835402700
0.0000010966452900
0.0000010652721600
0.0000010869060800
0.0000011266271300
0.0000010922428800
0.0000010982464600
0.0000010944802400
0.0000009885773120
0.0000010024687100
0.0000010381751300
0.0000010988095500
0.0000011283046900
0.0000011297248600
0.0000010769194900
0.0000010471258100
0.0000010971629100
0.0000010957463700
0.0000010777458800
0.0000010434755500
0.0000010551953000
0.0000010628225500
0.0000010650943500
0.0000010381051000
0.0000010037191500
0.0000010509522800
0.0000010782683800
0.0000010846481500
0.0000011212858900
0.0000010372455100
0.0000010305799400
0.0000009969838860
0.0000009876578130
0.0000010523341400
0.0000010971699600
0.0000011187672700
0.0000010777685000
0.0000010483042800
0.0000010140012100
0.0000010581171600
0.0000011036545400
0.0000011338349900
0.0000010615385700
0.0000010532903600
0.0000010534315600
0.0000010547074700
0.0000010885886500
0.0000010936468000
0.0000010910959000
0.0000011023256500
0.0000010957769500
0.0000010629279400
0.0000010728083500
0.0000010717643600
0.0000010361532100
0.0000010296878400
0.0000009918458090
0.0000009977359240
0.0000010001034500
0.0000010044910800
0.0000010038321500
0.0000010352624700
0.0000010546835900
0.0000010060172100
0.0000010495896300
0.0000010554508700
0.0000010133297800
0.0000010426842900
0.0000010208499400
0.0000010018602600
0.0000010694335500
0.0000010212792200
0.0000010382575500
0.0000011123200900
0.0000010599834500
0.0000010627310300
0.0000010660703500
0.0000010123945900
0.0000010180718800
0.0000009967222920
0.0000009839092170
0.0000009994831770
0.0000010231453900
0.0000010390879200
0.0000010628623400
0.0000010840328700
0.0000010398271100
0.0000010567399600
0.0000010459284600
0.0000009822431360
0.0000009900278430
0.0000010043430600
0.0000009592550900
0.0000009958545210
0.0000010735647000
0.0000010443271800
0.0000009748943060
0.0000010356383200
0.0000010059167200
0.0000009909721260
0.0000010345153200
0.0000010511209900
0.0000010316204000
0.0000010071534000
0.0000009854024930
0.0000009385310590
0.0000010259128700
0.0000009926401390
0.0000009776911150
0.0000010055363200
0.0000010192410400
0.0000009832297100
0.0000009908054610
0.0000010690376900
0.0000010114790700
0.0000009601658340
0.0000009269496100
0.0000009930987520
0.0000010525209300
0.0000009434813250
0.0000009907531650
0.0000010287429900
0.0000009735234700
0.0000010008564000
0.0000009711304750
0.0000009709062850
0.0000010431775800
0.0000010137052900
0.0000009905514840
0.0000010187304700
0.0000009998767610
0.0000009730842970
0.0000010348755900
0.0000010151044300
0.0000010330153400
0.0000010113793700
0.0000009328834380
0.0000009380275960
0.0000010367691600
0.0000009672364740
0.0000009692008690
0.0000009091839380
0.0000009080387140
0.0000010147334700
0.0000010357919100
0.0000009685603570
0.0000009766450830
0.0000009926692430
0.0000010439397300
0.0000010822162700
0.0000009823128270
0.0000009390814740
0.0000009952312890
0.0000009517437430
0.0000009227520080
0.0000009697653240
0.0000009146489780
0.0000009209149990
0.0000009840716750
0.0000009469891890
0.0000009283589860
0.0000010010476200
0.0000009449982480
0.0000009328273900
0.0000009291991310
0.0000009494112870
0.0000010272339100
0.0000010137390500
0.0000009106393000
0.0000009548255090
0.0000009438440420
0.0000009210066870
0.0000009683972160
0.0000010491439800
0.0000010118654900
0.0000009471555690
0.0000008959870000
0.0000009749523990
0.0000010133951500
0.0000009314906600
0.0000009498043590
0.0000009127530230
0.0000009260853060
0.0000009374720090
0.0000009283943990
0.0000009644708140
0.0000009581393670
0.0000009160269760
0.0000010098317500
0.0000009984119060
0.0000009063897430
0.0000009076202900
0.0000009670220600
0.0000009359294490
0.0000009872446750
0.0000009050610850
0.0000008752414260
0.0000009689084660
0.0000009368129090
0.0000009496570780
0.0000008999113560
0.0000008561179920
0.0000008871845690
0.0000009303161610
0.0000009130250750
0.0000009246605260
0.0000008947080230
0.0000008958263030
0.0000009586183290
0.0000009136886660
0.0000008581113210
0.0000009213399030
0.0000009441253610
0.0000009320604020
0.0000009587754440
0.0000009517391950
0.0000009405416670
0.0000009231846430
0.0000009215528960
0.0000009952024130
0.0000010186287200
0.0000009831076110
0.0000009528523030
0.0000009579313200
0.0000009203814100
0.0000009060363480
0.0000008959660820
0.0000008785326600
0.0000009097569770
0.0000009573305990
0.0000009938635230
0.0000009559107640
0.0000009087053740
0.0000009280577720
0.0000009625850900
0.0000008889462600
0.0000008906306440
0.0000009256396530
0.0000009156530600
0.0000009663558550
0.0000009208384880
0.0000008828529870
0.0000009988339110
0.0000009598678620
0.0000008240728560
0.0000008260989830
0.0000008427536500
0.0000008688638220
0.0000009431048510
0.0000009240064860
0.0000009280635700
0.0000009756247430
0.0000009532547550
0.0000009054568860
0.0000008566848920
0.0000008734535290
0.0000009303922180
0.0000008944724640
0.0000008982814840
0.0000009171042730
0.0000009111152500
0.0000009268999860
0.0000008879256370
0.0000008225691770
0.0000008730717690
0.0000008917336340
0.0000009025366690
0.0000009111876120
0.0000009403884170
0.0000009641720450
0.0000009720109800
0.0000008813462950
0.0000008683811070
0.0000009036056100
0.0000008918318030
0.0000008765733810
0.0000008791798790
0.0000008415303800
0.0000009201305600
0.0000009472527150
0.0000008790914870
0.0000008512348590
0.0000008882851140
0.0000008852871360
0.0000008711507460
0.0000008030626190
0.0000007700411400
0.0000008752082860
0.0000009090180130
0.0000008678166520
0.0000008604594090
0.0000008580810230
0.0000008656351160
0.0000008750209870
0.0000008685242960
0.0000008635115590
0.0000008661474450
0.0000008610947470
0.0000008583734250
0.0000008824123930
0.0000008991528380
0.0000008493775560
0.0000008655072170
0.0000008495371730
0.0000007860623440
0.0000008346726760
0.0000009143860210
0.0000009098380360
0.0000008477410920
0.0000008150588540
0.0000008557307750
0.0000009015283800
0.0000008907956040
0.0000008625393660
0.0000008088854320
0.0000008110320100
0.0000008594004150
0.0000008822367470
0.0000009033304880
0.0000008382045850
0.0000008086982460
0.0000008739802410
0.0000008703355540
0.0000008424635780
0.0000008056373420
0.0000008584614190
0.0000008771986590
0.0000009001333860
0.0000008971070430
0.0000008885880330
0.0000008955714740
0.0000008903473940
0.0000008870343890
0.0000008403553690
0.0000008667356040
0.0000009095465430
0.0000008918080990
0.0000008358062470
0.0000008056046000
0.0000008051723060
0.0000008354026020
0.0000008361660660
0.0000008400410820
0.0000008788658190
0.0000007985629500
0.0000008033428000
0.0000008398566250
0.0000008362166570
0.0000008336613180
0.0000008248950390
0.0000008259133890
0.0000008503639040
0.0000008628907150
0.0000008865706600
0.0000008926695610
0.0000008361442950
0.0000008162886050
0.0000008727847100
0.0000009063845710
0.0000008902888450
0.0000008818513490
0.0000008449961800
0.0000008298198400
0.0000008290187450
0.0000007870626180
0.0000007597383270
0.0000007838976900
0.0000008110607150
0.0000008038679770
0.0000008689131620
0.0000008928948310
0.0000008259017360
0.0000007976901200
0.0000007662931690
0.0000007761602770
0.0000008171219860
0.0000008546039110
0.0000008348710590
0.0000008226354000
0.0000008059250830
0.0000008007970110
0.0000008361454320
0.0000008181899600
0.0000008055782250
0.0000008154518120
0.0000008103927480
0.0000007831658310
0.0000008013522010
0.0000008400189700
0.0000008151051820
0.0000008073429290
0.0000008240333490
0.0000008034401730
0.0000007935995540
0.0000007874485850
0.0000007860486450
0.0000008058740380
0.0000007887099970
0.0000007981810200
0.0000007988920740
0.0000008271062480
0.0000008262430810
0.0000008261156380
0.0000008390633750
0.0000008247006350
0.0000008092028450
0.0000008354896860
0.0000008230212530
0.0000008340898030
0.0000008039412470
0.0000008155349750
0.0000008533644970
0.0000008696851520
0.0000008222153270
0.0000007627566560
0.0000007962437960
0.0000008184010770
0.0000007987737260
0.0000007659391490
0.0000007901883810
0.0000008189534810
0.0000008320302530
0.0000008276031160
0.0000007769595530
0.0000008036560640
0.0000008028995350
0.0000008094020810
0.0000007868015360
0.0000007533041640
0.0000008056662180
0.0000007764600130
0.0000007984665440
0.0000008081630090
0.0000008029473970
0.0000007943460780
0.0000007704094290
0.0000007606764710
0.0000007863768590
0.0000008166367710
0.0000007879603460
0.0000008100134320
0.0000008248941300
0.0000008366316140
0.0000008345439250
0.0000007991514510
0.0000007535504100
0.0000007844469110
0.0000007541341340
0.0000007626069300
0.0000008397051370
0.0000008364268070
0.0000008057137960
0.0000007646148670
0.0000007742328880
0.0000007573123070
0.0000008176645570
0.0000008533353930
0.0000008253455230
0.0000008094460780
0.0000008098493250
0.0000007912720430
0.0000007734994940
0.0000008119198470
0.0000007381239020
0.0000007282081360
0.0000007917428770
0.0000008257983950
0.0000008058001980
0.0000008041496930
0.0000007585557570
0.0000007457659310
0.0000007596041200
0.0000007536335720
0.0000008226308520
0.0000008214896640
0.0000008103324380
0.0000007713056790
0.0000007496387870
0.0000007479064830
0.0000007635069320
0.0000008077151960
0.0000007897774030
0.0000007924065810
0.0000007655475540
0.0000007830997210
0.0000007800244920
0.0000008110553720
0.0000008149369820
0.0000007832966840
0.0000007963397480
0.0000007741942910
0.0000008126062880
0.0000007835083120
0.0000007596041770
0.0000007623918350
0.0000007768405230
0.0000008215803860
0.0000007907843840
0.0000007873009620
0.0000007806639250
0.0000007258449270
0.0000007187433650
0.0000007305733900
0.0000007714858160
0.0000007792124850
0.0000007560051360
0.0000008009628800
0.0000008080555740
0.0000008092202390
0.0000007939362940
0.0000007808073970
0.0000007661463430
0.0000007433935710
0.0000007304905690
0.0000007239984260
0.0000007364413360
0.0000007747247540
0.0000007717146670
0.0000007878194880
0.0000007598985690
0.0000007841249500
0.0000007779347010
0.0000007696555710
0.0000007130152540
0.0000006881323320
0.0000007362721130
0.0000007619564710
0.0000007847922910
0.0000008307576990
0.0000008254823460
0.0000007971210040
0.0000008606269260
0.0000007757663520
0.0000007597749350
0.0000007230411820
0.0000007618975810
0.0000007788491980
0.0000007289158360
0.0000007842342600
0.0000007339433520
0.0000007296909530
0.0000007491133830
0.0000008074902100
0.0000007380279500
0.0000007431184490
0.0000007586926930
0.0000007690183000
0.0000007382130890
0.0000008025207880
0.0000007531628510
0.0000007643363350
0.0000007629413970
0.0000008009452590
0.0000007257245330
0.0000007518304410
0.0000007370596790
0.0000007189970010
0.0000007648862380
0.0000007759141450
0.0000007533138270
0.0000008122896130
0.0000007361540500
0.0000007688898900
0.0000007386450420
0.0000007387093890
0.0000007204699840
0.0000007069797330
0.0000007303810890
0.0000007457941820
0.0000007368745400
0.0000007819787690
0.0000007507246660
0.0000007294216290
0.0000007487071790
0.0000007202537520
0.0000007208042800
0.0000007932605400
0.0000007620651560
0.0000007209734460
0.0000007038603370
0.0000007806599460
0.0000007462954840
0.0000007567363700
0.0000007172261010
0.0000007423478220
0.0000007098461200
0.0000007630537200
0.0000007082901440
0.0000006613782380
0.0000007014140810
0.0000007316578490
0.0000007542823250
0.0000006839110260
0.0000008376263170
0.0000007486561340
0.0000007380734810
0.0000007041912800
0.0000007513148150
0.0000007527044090
0.0000007665898350
0.0000007119469390
0.0000007452874230
0.0000007663786610
0.0000008916598520
0.0000007584632160
0.0000008622534430
0.0000007179858700
0.0000006774712350
0.0000007087661520
0.0000008139637090
0.0000007590667220
0.0000007016275280
0.0000007432701640
0.0000007683466380
0.0000006978054330
0.0000006934146770
0.0000007004263130
0.0000006927107280
0.0000007325774620
0.0000007374958950
0.0000006841815430
0.0000007411704250
0.0000007795282500
0.0000007587544250
0.0000007836893590
0.0000007335027020
0.0000006973367020
0.0000007674123020
0.0000007075167900
0.0000007226686310
0.0000007220477870
0.0000006822060640
0.0000007134124760
0.0000007007492400
0.0000007616454810
0.0000007125356660
0.0000008460087320
0.0000007390950150
0.0000007312802950
0.0000006855293580
0.0000007284193090
0.0000007125013330
0.0000007306205130
0.0000007334854210
0.0000007225061720
0.0000008359356800
0.0000007117737940
0.0000007452601940
0.0000006446864520
0.0000007033006000
0.0000006970261100
0.0000007939275410
0.0000008107316490
0.0000007251365450
0.0000006962577570
0.0000006296523340
0.0000006725498450
0.0000006136282310
0.0000007846264790
0.0000007737762080
0.0000006733919800
0.0000006691403770
0.0000006849099920
0.0000007658690040
0.0000006793423490
0.0000007088029290
0.0000006122646140
0.0000007425001630
0.0000006368521780
0.0000006497186290
0.0000006323546700
0.0000007310712250
0.0000007908117250
0.0000006741196330
0.0000007491094040
0.0000006724689000
0.0000006561629110
0.0000007689644690
0.0000007465811220
0.0000006195638780
0.0000006785331270
0.0000006914791020
0.0000006647165950
0.0000006984037670
0.0000007116792630
0.0000006585832470
0.0000006933282750
0.0000007064308530
0.0000006942660210
0.0000006838088780
0.0000006629081210
0.0000007477685810
0.0000006454196750
0.0000006546634380
0.0000007330993410
0.0000006702301790
0.0000006098013610
0.0000007887883270
0.0000006230002900
0.0000005948924130
0.0000007640646790
0.0000006835200560
0.0000006747005160
0.0000007455678310
0.0000007752277610
0.0000006575980360
0.0000007146247750
0.0000006977116410
0.0000007260280770
0.0000006835685440
0.0000006884069420
0.0000006981651940
0.0000007188114070
0.0000006084902110
0.0000007203979070
0.0000006727055390
0.0000006092686820
0.0000006660708320
0.0000007175274270
0.0000006746432750
0.0000007218043260
0.0000007080337240
0.0000006599270250
0.0000006693114190
0.0000007001702330
0.0000006952143390
0.0000007174593290
0.0000007897065760
0.0000006684012990
0.0000006828566370
0.0000006918817230
0.0000007011602750
0.0000006645853430
0.0000006859302740
0.0000006022150390
0.0000006360161250
0.0000006682708430
0.0000006986210220
0.0000006509409900
0.0000007216822840
0.0000006243265030
0.0000006097268970
0.0000006642816860
0.0000006805597080
0.0000006474460290
0.0000006937477790
0.0000006942486830
0.0000006559497480
0.0000006325330450
0.0000006825255240
0.0000006521204910
0.0000006348337250
0.0000006882993380
0.0000007190180330
0.0000007029183280
0.0000006646058070
0.0000006788484370
0.0000006457652830
0.0000006354098330
0.0000006648083400
0.0000006973254470
0.0000007380689910
0.0000006502575620
0.0000006269380040
0.0000006892125270
0.0000006540996080
0.0000006465703560
0.0000006864274270
0.0000006024022240
0.0000006559868100
0.0000006152113770
0.0000007055149350
0.0000007005580190
0.0000007023334090
0.0000006554735710
0.0000006718563550
0.0000006444469700
0.0000007061351540
0.0000006848347310
0.0000006835835510
0.0000007037033350
0.0000006548353890
0.0000006288117330
0.0000006526821040
0.0000006298766950
0.0000006331563330
0.0000006395236480
0.0000006504976680
0.0000006853673540
0.0000006803588240
0.0000006718821060
0.0000006266838570
0.0000007253020730
0.0000006598265260
0.0000006613095140
0.0000007288750790
0.0000006995558690
0.0000006879058670
0.0000006654365730
0.0000006630731950
0.0000006122820650
0.0000006764054770
0.0000006680334650
0.0000006833058140
0.0000006496844660
0.0000006977882660
0.0000006234233750
0.0000006677790910
0.0000006576930790
0.0000006381137610
0.0000006184959030
0.0000007086291020
0.0000006335710620
0.0000006437517750
0.0000006632488980
0.0000006177100430
0.0000006467021760
0.0000006725780960
0.0000006391524040
0.0000006751230330
0.0000006604354890
0.0000006732524870
0.0000006265275940
0.0000006394359960
0.0000006436373500
0.0000006932677930
0.0000006102146700
0.0000006528467220
0.0000006706151790
0.0000005767369660
0.0000006156486170
0.0000007032859340
0.0000006387369350
0.0000006588686570
0.0000006289002950
0.0000006016948080
0.0000006270156520
0.0000006302365140
0.0000006430145160
0.0000006698380730
0.0000006652782080
0.0000005996624850
0.0000006780582000
0.0000006367168340
0.0000006203699170
0.0000006491836760
0.0000006388635260
0.0000006057587710
0.0000006475706300
0.0000006632787400
0.0000006252898290
0.0000006644360720
0.0000006349784480
0.0000006063720550
0.0000006680194250
0.0000005411599200
0.0000006378797930
0.0000007053055240
0.0000006359138070
0.0000006514109710
0.0000006515986120
0.0000006827168590
0.0000006752436540
0.0000006170644720
0.0000005923452590
0.0000006241849060
0.0000005463241450
0.0000006223729090
0.0000005965812310
0.0000006374362440
0.0000006197923880
0.0000006982439230
0.0000006807444490
0.0000006275556640
0.0000006842597600
0.0000006465878070
0.0000006766153430
0.0000006650373620
0.0000006517193470
0.0000006700983590
0.0000006849236910
0.0000006420673340
0.0000006322919150
0.0000006146475470
0.0000006490068930
0.0000006389744270
0.0000006584526200
0.0000006617203210
0.0000006611984420
0.0000006551597950
0.0000006556093130
0.0000006610193280
0.0000006811080200
0.0000006633003410
0.0000006794180080
0.0000006432358080
0.0000006727714210
0.0000006869604480
0.0000006790892830
0.0000006058605210
0.0000005881440760
0.0000005724226640
0.0000006310907570
0.0000006297146340
0.0000006255492050
0.0000006683955010
0.0000006495157550
0.0000006183954040
0.0000006060868710
0.0000006004514720
0.0000005788508590
0.0000006223444870
0.0000006142145140
0.0000005998339820
0.0000006336080670
0.0000006291900830
0.0000006150987700
0.0000005897827010
0.0000006420791580
0.0000005929467190
0.0000006168007760
0.0000006501834950
0.0000006184167200
0.0000006043807160
0.0000006176628630
0.0000006058176610
0.0000005935370380
0.0000006258179040
0.0000005990916070
0.0000006093830510
0.0000005967651760
0.0000006104222620
0.0000006024803270
0.0000005994479010
0.0000006268534780
0.0000006257457700
0.0000005978903910
0.0000005718314920
0.0000006066156290
0.0000006019777170
0.0000006421776670
0.0000006851756210
0.0000006287507970
0.0000006261386150
0.0000006629093150
0.0000006306390220
0.0000006384609610
0.0000006482194980
0.0000006318608710
0.0000005924329680
0.0000006202590730
0.0000006114532880
0.0000005999336280
0.0000006226260890
0.0000006442040790
0.0000006568971000
0.0000006491451360
0.0000006602593320
0.0000006621087320
0.0000006487413200
0.0000006107806600
0.0000006032742020
0.0000006217749160
0.0000006281454150
0.0000006152219500
0.0000006106183150
0.0000006180601990
0.0000006426498090
0.0000006410114110
0.0000006076771800
0.0000006145039610
0.0000006644800120
0.0000006227436420
0.0000006421167310
0.0000006145987190
0.0000005682543930
0.0000006134649200
0.0000006330696460
0.0000006175886820
0.0000006020928250
0.0000005724167520
0.0000006190967380
0.0000006604458920
0.0000005915622410
0.0000005689077510
0.0000005697662000
0.0000006246564230
0.0000006593501780
0.0000006426976140
0.0000005842188670
0.0000005887345080
0.0000006174454370
0.0000005961390460
0.0000006147448630
0.0000006322374020
0.0000006007396680
0.0000006234195100
0.0000006215753960
0.0000006059209450
0.0000006023875020
0.0000005542650000
0.0000005998560940
0.0000006192346970
0.0000005959142300
0.0000005675958050
0.0000005864463900
0.0000005760944080
0.0000005705831540
0.0000006114551070
0.0000005952500710
0.0000005696920200
0.0000005830082730
0.0000006077602280
0.0000005822228670
0.0000005385691680
0.0000005963151470
0.0000006391110790
0.0000006328646120
0.0000005942123950
0.0000006119141180
0.0000006500777080
0.0000005915916860
0.0000006041850610
0.0000006721246560
0.0000007410613420
0.0000007028301070
0.0000006886212420
0.0000006771450670
0.0000006565122700
0.0000005872590800
0.0000005486508030
0.0000006480241270
0.0000005974498550
0.0000005746651940
0.0000006152523040
0.0000006261968790
0.0000005463421640
0.0000005914113220
0.0000006195296580
0.0000005506653340
0.0000006061262070
0.0000006158007300
0.0000005699133110
0.0000005866643280
0.0000006297632350
0.0000005943700780
0.0000006130742920
0.0000006060163860
0.0000005958295330
0.0000005919977750
0.0000006159814350
0.0000005972436840
0.0000005799084310
0.0000005333421310
0.0000005517003960
0.0000005581449050
0.0000005745512790
0.0000006339960240
0.0000006282907070
0.0000006037809610
0.0000005847449530
0.0000005814001160
0.0000005769672380
0.0000005538155390
0.0000005633524440
0.0000005686846410
0.0000005678556360
0.0000005435842920
0.0000005874687190
0.0000005946217240
0.0000005881286710
0.0000006354147790
0.0000006413314400
0.0000006312180290
0.0000006309174410
0.0000005574543140
0.0000005408327300
0.0000005844302110
0.0000006024801000
0.0000006001920950
0.0000006296958760
0.0000005705303470
0.0000005788324420
0.0000005844410110
0.0000005760932710
0.0000006200732510
0.0000006046352040
0.0000006045179930
0.0000006396697930
0.0000005963069040
0.0000005494427460
0.0000005465675490
0.0000005666220200
0.0000006552930930
0.0000006569682110
0.0000006125839600
0.0000005927184930
0.0000005426969660
0.0000005619986610
0.0000005933364950
0.0000006005976730
0.0000005745191060
0.0000005994498340
0.0000005478207190
0.0000005943662130
0.0000005733823510
0.0000006024836240
0.0000006647725850
0.0000006491927710
0.0000005930942280
0.0000005826842080
0.0000005922485680
0.0000006475128770
0.0000005973932960
0.0000005981427190
0.0000005942388840
0.0000005848368690
0.0000005729581290
0.0000005986775020
0.0000005333242260
0.0000005701207330
0.0000006043709960
0.0000005852529060
0.0000006094282980
0.0000006579650740
0.0000006103186930
0.0000005950831220
0.0000005878378600
0.0000005972814280
0.0000006222106780
0.0000005955238860
0.0000005700043740
0.0000005863691400
0.0000005624140730
0.0000006023946070
0.0000006008146440
0.0000006031103790
0.0000006023210520
0.0000006144288140
0.0000005998056170
0.0000005584543600
0.0000005562378650
0.0000005680744270
0.0000006224167350
0.0000006304475730
0.0000005824139180
0.0000005614331830
0.0000005771699420
0.0000005827209290
0.0000005772758410
0.0000005822396930
0.0000005929760500
0.0000005729303330
0.0000005869279110
0.0000006083004110
0.0000005890854030
0.0000005967202700
0.0000005856559260
0.0000006329315740
0.0000005557481020
0.0000005577616090
0.0000006016325640
0.0000005387447570
0.0000005550208470
0.0000006147405430
0.0000005881286710
0.0000006013500520
0.0000005559665510
0.0000005629282780
0.0000005741118230
0.0000005477608060
0.0000005763558310
0.0000005869314350
0.0000006191259560
0.0000006070308700
0.0000005912042980
0.0000005514717150
0.0000005652728990
0.0000005876714230
0.0000006197619200
0.0000006537836160
0.0000006202441800
0.0000006465541560
0.0000005899217400
0.0000005693798930
0.0000005522672380
0.0000005890441340
0.0000005926556240
0.0000006317732750
0.0000005906848060
0.0000006014545870
0.0000006059625550
0.0000005608220590
0.0000006173856380
0.0000005699326950
0.0000005474383900
0.0000005861826930
0.0000005848874590
0.0000005994390900
0.0000005755320560
0.0000005741903240
0.0000005562757220
0.0000006207902170
0.0000006622830140
0.0000005542993900
0.0000005643956340
0.0000005445086800
0.0000005648034860
0.0000005652152030
0.0000005904246340
0.0000006139031830
0.0000006417275240
0.0000005893742240
0.0000005671616920
0.0000005658974370
0.0000005546551730
0.0000005063511710
0.0000005370561100
0.0000005570692570
0.0000005531373970
0.0000006501549590
0.0000005851064200
0.0000005337089420
0.0000005624153800
0.0000005681843620
0.0000005682192070
0.0000005982599300
0.0000006071234680
0.0000006370178770
0.0000005670245290
0.0000005146357580
0.0000005634294100
0.0000005281106610
0.0000005335190850
0.0000006086170290
0.0000006167703650
0.0000005596160690
0.0000005396566390
0.0000005494280800
0.0000005000765100
0.0000005272029850
0.0000005762589130
0.0000005981790420
0.0000005531194920
0.0000005232265610
0.0000005652437950
0.0000005148893930
0.0000005202917920
0.0000005100062590
0.0000005319726030
0.0000005643781260
0.0000005485670730
0.0000005340222630
0.0000005475810670
0.0000005471596860
0.0000005400355010
0.0000005546811510
0.0000005340822900
0.0000005126141790
0.0000005448964090
0.0000005731064900
0.0000005730924500
0.0000005732866270
0.0000005913440190
0.0000005565576660
0.0000005426110760
0.0000005363239670
0.0000005301322400
0.0000005298726360
0.0000005379210960
0.0000005508020420
0.0000005320465560
0.0000005151932780
0.0000005309548780
0.0000005259707900
0.0000005610318110
0.0000005796630940
0.0000005754752690
0.0000005595458670
0.0000005893593880
0.0000006055260540
0.0000006047013130
0.0000006346041350
0.0000006250677420
0.0000005806702460
0.0000005822840880
0.0000006179370760
0.0000005879870170
0.0000005436997410
0.0000005513817310
0.0000005198451730
0.0000005410419700
0.0000005416113710
0.0000005367963920
0.0000005504119260
0.0000005435805970
0.0000005529493020
0.0000005551301570
0.0000005938287020
0.0000005943580850
0.0000005534121210
0.0000005461945990
0.0000005628187410
0.0000005678987240
0.0000005099449820
0.0000005158611880
0.0000005124102240
0.0000005021549900
0.0000005258001470
0.0000005501553910
0.0000005495559210
0.0000005299004330
0.0000005369988680
0.0000005394294360
0.0000005229665020
0.0000005433824410
0.0000005290781930
0.0000005195337850
0.0000005384292760
0.0000005468797330
0.0000005435881580
0.0000005306695810
0.0000006133735720
0.0000005673192620
0.0000005529728920
0.0000006166022790
0.0000005870890050
0.0000005916164700
0.0000005738700110
0.0000005555713760
0.0000005603137080
0.0000005571732800
0.0000005324377530
0.0000005187010290
0.0000004946950300
0.0000004836529110
0.0000005180213520
0.0000005095975550
0.0000005022389470
0.0000005822726050
0.0000005959294640
0.0000005778614990
0.0000005850026240
0.0000005934294340
0.0000005885544850
0.0000005653222390
0.0000005603612860
0.0000005712958000
0.0000005411087050
0.0000005485188130
0.0000005154828950
0.0000004634922560
0.0000004696324540
0.0000004721241000
0.0000004682655400
0.0000004782188510
0.0000005371795170
0.0000005866755830
0.0000005861508040
0.0000005523147590
0.0000005742638790
0.0000006016067570
0.0000005688308420
0.0000006017350530
0.0000005734685260
0.0000005498492900
0.0000005808891500
0.0000005708105850
0.0000005739108250
0.0000005513586530
0.0000005143993460
0.0000005294020300
0.0000005584069530
0.0000005526112550
0.0000004946815010
0.0000005195298630
0.0000005386453950
0.0000004710732360
0.0000004747685690
0.0000005066586370
0.0000005024497800
0.0000005245085500
0.0000005632447820
0.0000005931726720
0.0000005482629040
0.0000005464481770
0.0000006550395710
0.0000006209062350
0.0000005466524160
0.0000005693486290
0.0000005747473320
0.0000005421775310
0.0000005537368680
0.0000005296504360
0.0000005829211890
0.0000005839299890
0.0000004923491020
0.0000005603341150
0.0000005852847380
0.0000005555264690
0.0000005992106940
0.0000005760338690
0.0000005725527790
0.0000005831682300
0.0000005336877390
0.0000005631653720
0.0000006198981740
0.0000005930938870
0.0000005728362570
0.0000005495971890
0.0000005451261700
0.0000005336666500
0.0000005339280160
0.0000005356261570
0.0000005017973880
0.0000005337836340
0.0000005029696130
0.0000004823029370
0.0000005185552250
0.0000005216287490
0.0000005433334420
0.0000005606265740
0.0000005868124620
0.0000006075667330
0.0000006349426940
0.0000005884487560
0.0000005471375740
0.0000005414313480
0.0000005272680710
0.0000005575221850
0.0000005317182290
0.0000005060026070
0.0000005206148900
0.0000005163494730
0.0000005148865510
0.0000005325192660
0.0000005627982200
0.0000005819299530
0.0000005716809710
0.0000005448241040
0.0000005655035120
0.0000005579958040
0.0000005403037450
0.0000005355653910
0.0000005290752370
0.0000005465248020
0.0000005427280030
0.0000005472123800
0.0000005333838540
0.0000004965914970
0.0000005105974310
0.0000005287691350
0.0000005265695220
0.0000005196693000
0.0000005188954900
0.0000005131530540
0.0000005445424450
0.0000005349962180
0.0000005379445160
0.0000005223817540
0.0000005408043080
0.0000005469714780
0.0000005411949360
0.0000005127889720
0.0000005335081140
0.0000005416539470
0.0000005493124600
0.0000005563347260
0.0000005373262870
0.0000005360627710
0.0000005509828610
0.0000005380514950
0.0000005609920780
0.0000005563289280
0.0000005361320630
0.0000005295812000
0.0000005248833190
0.0000005129821260
0.0000005193920740
0.0000005136078020
0.0000005284321110
0.0000005302213140
0.0000005403653060
0.0000005389046010
0.0000005298425090
0.0000005347973800
0.0000005379761770
0.0000005506810230
0.0000005438768650
0.0000005347474710
0.0000005286768780
0.0000005280211330
0.0000005033973590
0.0000005042872430
0.0000004981070560
0.0000005083743990
0.0000005077974380
0.0000005208298150
0.0000005247399030
0.0000005367880930
0.0000005398072180
0.0000005415587340
0.0000005578241370
0.0000005434960710
0.0000005385683720
0.0000005271353420
0.0000005325819070
0.0000005345163460
0.0000005255031970
0.0000005091790170
0.0000005191639050
0.0000005077002360
0.0000005140225880
0.0000005300959740
0.0000005261183560
0.0000005331326070
0.0000005142320560
0.0000005267598910
0.0000005267966120
0.0000005203806380
0.0000005264416810
0.0000005308989440
0.0000005179046520
0.0000005310743060
0.0000005228886270
0.0000005210553130
0.0000005358679120
0.0000005251054630
0.0000005374346300
0.0000005395480120
0.0000005300078670
0.0000005187969800
0.0000005432883650
0.0000005138026040
0.0000005165700830
0.0000005290145850
0.0000005231313480
0.0000005283062020
0.0000005421064200
0.0000005351338360
0.0000005442514070
0.0000005283952760
0.0000005380636590
0.0000005340150440
0.0000005282652750
0.0000005242727640
0.0000005003618640
0.0000005087771340
0.0000005122329300
0.0000005292258150
0.0000005212289120
0.0000005273485610
0.0000005550518840
0.0000005235534670
0.0000005241311100
0.0000005166218670
0.0000005262922970
0.0000005304025310
0.0000005056202210
0.0000005355751680
0.0000005243674650
0.0000005244161230
0.0000005196471880
0.0000005444863970
0.0000005335656400
0.0000005192206910
0.0000005470827770
0.0000005406292300
0.0000005172871060
0.0000005310152460
0.0000005235046390
0.0000005196113760
0.0000005269732810
0.0000005373470910
0.0000005187723100
0.0000005199260040
0.0000005191519110
0.0000005285071440
0.0000005334878210
0.0000005124955460
0.0000005221124300
0.0000005313438580
0.0000005276228310
0.0000005323416870
0.0000005268970540
0.0000005227952900
0.0000005250831800
0.0000005163462900
0.0000005093309600
0.0000005313846710
0.0000005190078130
0.0000005208978560
0.0000005429943710
0.0000005237780560
0.0000005109160380
0.0000005368095230
0.0000005236402100
0.0000005023999280
0.0000005240491420
0.0000005255288900
0.0000005139408470
0.0000005277829020
0.0000005315604310
0.0000005194424940
0.0000005079017460
0.0000005296242310
0.0000005215877650
0.0000005163424250
0.0000005296459450
0.0000005243854280
0.0000005122288940
0.0000005153266900
0.0000005153417530
0.0000005099026910
0.0000005260104670
0.0000005223830610
0.0000005185004280
0.0000005123524150
0.0000005157027090
0.0000005282075790
0.0000005083976480
0.0000005048176490
0.0000005184335240
0.0000005285558590
0.0000005171604020
0.0000005123340540
0.0000005288674740
0.0000005282251440
0.0000005214304790
0.0000005255470230
0.0000005150133120
0.0000005184962220
0.0000005233001730
0.0000005151324560
0.0000005105171680
0.0000005223233190
0.0000005078906610
0.0000005113632820
0.0000005147800830
0.0000005105213180
0.0000005139884820
0.0000005135266860
0.0000005186802240
0.0000005262033940
0.0000005184887750
0.0000005220424550
0.0000005226743840
0.0000005197049970
0.0000005218849990
0.0000005182934610
0.0000005169492850
0.0000005277518650
0.0000005140629470
0.0000005100084760
0.0000005242392260
0.0000005140755660
0.0000005160477490
0.0000005233859500
0.0000005027046650
0.0000005131850000
0.0000005072637350
0.0000005025064520
0.0000005137173960
0.0000005036903300
0.0000005114751500
0.0000005233728760
0.0000005116352210
0.0000005187482090
0.0000005163955170
0.0000005166089070
0.0000005110462100
0.0000005100578730
0.0000005097731450
0.0000005084410190
0.0000005209857360
0.0000004984513570
0.0000005110436520
0.0000005212819470
0.0000005161415400
0.0000005178524130
0.0000005156593370
0.0000005238380820
0.0000005225195420
0.0000005209422510
0.0000005138933830
0.0000005083885530
0.0000005196090460
0.0000005235648930
0.0000005150259880
0.0000005149360620
0.0000005172909140
0.0000005160284790
0.0000005146107470
0.0000005152433570
0.0000005129918460
0.0000005066509630
0.0000005150085940
0.0000005041409850
0.0000005115600170
0.0000005116044690
0.0000005192366640
0.0000005108553860
0.0000005232423630
0.0000005189896230
0.0000005230925810
0.0000005156474570
0.0000005274631010
0.0000005149842080
0.0000005190738650
0.0000005046080670
0.0000005204585140
0.0000005063989760
0.0000005192483170
0.0000005011156080
0.0000005069801430
0.0000005030522630
0.0000005138509780
0.0000005088299990
0.0000005175880350
0.0000005133543940
0.0000005108191770
0.0000005076292380
0.0000005160292180
0.0000005049182050
0.0000005011270900
0.0000005073622450
0.0000005089187880
0.0000005065454620
0.0000005038358490
0.0000005222550500
0.0000005149469190
0.0000005153953570
0.0000005157617120
0.0000005196902180
0.0000005113632260
0.0000005149650520
0.0000005094513540
0.0000005212218640
0.0000005066498830
0.0000005138282970
0.0000005072749330
0.0000005132273490
0.0000005068949350
0.0000005148219770
0.0000005072508320
0.0000005111119780
0.0000005082074490
0.0000005078622390
0.0000005108654480
0.0000005104882920
0.0000005077965850
0.0000005137863470
0.0000005063520230
0.0000005057401610
0.0000005032387090
0.0000005059199570
0.0000005119968590
0.0000005064405290
0.0000005058723790
0.0000005091824850
0.0000005081110430
0.0000005122307130
0.0000005108579440
0.0000005064255220
0.0000005064731570
0.0000005045231430
0.0000005060043690
0.0000005082483770
0.0000005026676040
0.0000005113229800
0.0000005068206970
0.0000005074531940
0.0000005065777490
0.0000005034950160
0.0000005098468710
0.0000005104865290
0.0000005074268760
0.0000005118611170
0.0000005065439270
0.0000005088319310
0.0000005094856310
0.0000005069977080
0.0000005092409200
0.0000005087411520
0.0000005078726990
0.0000005050650880
0.0000005068757790
0.0000005071379970
0.0000005084488070
0.0000005088100470
0.0000005039933630
0.0000005056070340
0.0000005095869260
0.0000005069721850
0.0000005070123170
0.0000005071182730
0.0000005089243590
0.0000005093117470
0.0000005098037260
0.0000005077648670
0.0000005063885740
0.0000005083722950
0.0000005076667550
0.0000005048986510
0.0000005066333980
0.0000005052905860
0.0000005048717070
0.0000005047436960
0.0000005031374710
0.0000005043615940
0.0000005065609230
0.0000005038677950
0.0000005057618750
0.0000005059751520
0.0000005038228890
0.0000005053724980
0.0000005057128760
0.0000005087563300
0.0000005033026580
0.0000005070909310
0.0000005049286070
0.0000005038182280
0.0000005074452360
0.0000005050126220
0.0000005051085170
0.0000005071503320
0.0000005053202590
0.0000005066003150
0.0000005050044930
0.0000005041541160
0.0000005063936330
0.0000005051996370
0.0000005064895840
0.0000005049714100
0.0000005050010260
0.0000005041354140
0.0000005049381000
0.0000005035981870
0.0000005044572050
0.0000005062261150
0.0000005047685360
0.0000005061418160
0.0000005052314120
0.0000005039788680
0.0000005045234270
0.0000005044429940
0.0000005048734120
0.0000005042526820
0.0000005031762380
0.0000005053285010
0.0000005062543100
0.0000005043982580
0.0000005054588430
0.0000005035999490
0.0000005059080190
0.0000005046372850
0.0000005050796400
0.0000005039660780
0.0000005042560930
0.0000005047930930
0.0000005022528170
0.0000005033550110
0.0000005024028840
0.0000005031301950
0.0000005033136860
0.0000005026309400
0.0000005024134000
0.0000005037111350
0.0000005053090040
0.0000005049308240
0.0000005030643140
0.0000005042385850
0.0000005021382780
0.0000005037844060
0.0000005033546700
0.0000005046205730
0.0000005050517870
0.0000005050549700
0.0000005029742740
0.0000005022116060
0.0000005046954930
0.0000005027570750
0.0000005023894120
0.0000005037082930
0.0000005024507460
0.0000005025974590
0.0000005047996300
0.0000005047272680
0.0000005028435340
0.0000005027173420
0.0000005011688130
0.0000005022411640
0.0000005046106820
0.0000005028318810
0.0000005023961760
0.0000005033529650
0.0000005036100670
0.0000005029659180
0.0000005021384480
0.0000005022218370
0.0000005034314090
0.0000005032503620
0.0000005029280600
0.0000005027607130
0.0000005030316860
0.0000005036689570
0.0000005031297410
0.0000005021486230
0.0000005026338390
0.0000005026497550
0.0000005027160910
0.0000005023889000
0.0000005032041490
0.0000005016797790
0.0000005008158720
0.0000005007349840
0.0000005010011820
0.0000005017482750
0.0000005017323020
0.0000005009031270
0.0000005017646460
0.0000005011943360
0.0000005023668450
0.0000005024345460
0.0000005007190680
0.0000005014564980
0.0000005009227950
0.0000005005136930
0.0000005008389510
0.0000005011494860
0.0000005012295790
0.0000005015451730
0.0000005007879050
0.0000005004021660
0.0000005018080740
0.0000005020602320
0.0000005014407520
0.0000005016366910
0.0000005014619550
0.0000005015174910
0.0000005013993700
0.0000004996187500
0.0000005004776540
0.0000005014184130
0.0000005009090390
0.0000005009722490
0.0000005000323430
0.0000005012079210
0.0000004998854020
0.0000005009655410
0.0000005010680870
0.0000005010601280
0.0000005006861560
0.0000005006286300
0.0000005002574430
0.0000004997033330
0.0000005006831430
0.0000005013995410
0.0000005000101170
0.0000005002147530
0.0000005005305750
0.0000005009922570
0.0000005012589100
0.0000005000962350
0.0000005007980800
0.0000005010310820
0.0000005014537690
0.0000005004280870
0.0000004995599170
0.0000005006476730
0.0000005006204450
0.0000004999745330
0.0000004999947690
0.0000004997527870
0.0000004997796740
0.0000005003637400
0.0000005000045460
0.0000005007640880
0.0000005004249600
0.0000005010056160
0.0000004994240040
0.0000004994503230
0.0000004993946730
0.0000004996704770
0.0000005005209690
0.0000004991830450
0.0000004997964990
0.0000005006020270
0.0000004996131790
0.0000004994395230
0.0000004996622350
0.0000005001531350
0.0000005002396510
0.0000004995505380
0.0000004996421690
0.0000005000782720
0.0000004994005850
0.0000004997916110
0.0000004987937810
0.0000005001620590
0.0000004987842890
0.0000004988982030
0.0000005002214610
0.0000004994512320
0.0000004991514970
0.0000004996314260
0.0000004996009580
0.0000004991441070
0.0000004987163040
0.0000004992978690
0.0000004996604730
0.0000004988376650
0.0000004991102290
0.0000004986979430
0.0000004985674880
0.0000004988201570
0.0000004986399060
0.0000004981718580
0.0000004984465820
0.0000004989196330
0.0000004985918740
0.0000004981573620
0.0000004989338440
0.0000004983191960
0.0000004992236310
0.0000004982366020
0.0000004988590940
0.0000004989105380
0.0000004986752060
0.0000004988581850
0.0000004987442710
0.0000004984909200
0.0000004993583500
0.0000004987599600
0.0000004982438210
0.0000004982922520
0.0000004979153800
0.0000004985932380
0.0000004986151790
0.0000004988236240
0.0000004982521200
0.0000004984149200
0.0000004977866870
0.0000004973355200
0.0000004982412630
0.0000004975481720
0.0000004976898250
0.0000004986084720
0.0000004981282590
0.0000004976860170
0.0000004986156340
0.0000004979733030
0.0000004980257700
0.0000004979675050
0.0000004981670830
0.0000004986004000
0.0000004976926680
0.0000004977475780
0.0000004983135680
0.0000004978123230
0.0000004976424750
0.0000004983373860
0.0000004977537740
0.0000004980897190
0.0000004985562900
0.0000004979817160
0.0000004986087560
0.0000004984371460
0.0000004984494240
0.0000004985699890
0.0000004977884490
0.0000004981829990
0.0000004979112300
0.0000004974351670
0.0000004977620160
0.0000004973381920
0.0000004982350670
0.0000004975490810
0.0000004987896890
0.0000004983459690
0.0000004979686990
0.0000004976363360
0.0000004976498640
0.0000004975988190
0.0000004977873690
0.0000004979226560
0.0000004982398420
0.0000004979779650
0.0000004978999750
0.0000004974722290
0.0000004977039790
0.0000004981641270
0.0000004976134850
0.0000004979818300
0.0000004977512160
0.0000004979083310
0.0000004976279800
0.0000004978863900
0.0000004980448130
0.0000004984308360
0.0000004976240010
0.0000004979341950
0.0000004978160180
0.0000004976804460
0.0000004980585690
0.0000004973077810
0.0000004979370940
0.0000004978278980
0.0000004983151030
0.0000004977381420
0.0000004981931740
0.0000004978736000
0.0000004981007460
0.0000004979350480
0.0000004971673210
0.0000004972927740
0.0000004973063030
0.0000004972280860
0.0000004975979660
0.0000004972399670
0.0000004971650470
0.0000004979095820
0.0000004975632350
0.0000004980126960
0.0000004978001020
0.0000004973778120
0.0000004978573430
0.0000004978738270
0.0000004977440540
0.0000004974393160
0.0000004975121900
0.0000004977626990
0.0000004978624020
0.0000004978434160
0.0000004979170850
0.0000004975912020
0.0000004979602860
0.0000004971606700
0.0000004980645940
0.0000004975357800
0.0000004975620980
0.0000004977386540
0.0000004974423860
0.0000004977386540
0.0000004977082430
0.0000004974472740
0.0000004978504650
0.0000004971903420
0.0000004970827380
0.0000004974155560
0.0000004971485050
0.0000004976093350
0.0000004978278410
0.0000004980925040
0.0000004978520560
0.0000004976745910
0.0000004972706050